sentence_id,technique,text,feature_id,props_a20,props_a21,props_a22,annotator_consistency,props_gpt4_majority,res_1.0_1,gpt_props_1.0_1,res_1.0_2,gpt_props_1.0_2,res_1.0_3,gpt_props_1.0_3,gpt3.5_1.0_consistency,res_0.2_1,gpt_props_0.2_1,res_0.2_2,gpt_props_0.2_2,res_0.2_3,gpt_props_0.2_3,gpt3.5_0.2_consistency,gpt3.5_0.2_majority,humans isCorrect,gpt isCorrect,comments,ground truth,propertygpt-4o,resgpt-4o_0.0_V4,propertygpt-4o_0.0_V4
14,[0],Conservative Ben Shapiro told Fox news the verdict was “horrifying.,Tense,['past'],['past'],['past'],True,[],"{
  ""Properties"": [""present""],
  ""Explanation"": ""The use of 'told' indicates the past tense, but the verb 'was' is in the present tense, emphasizing the immediacy of the verdict as well as its impact on the speaker."" 
}",['present'],"{
  ""Properties"": [""past""],
  ""Explanation"": ""The sentence uses the past tense 'was' to express something that already happened.""
}",['past'],"{
  ""Properties"": [""past""],
  ""Explanation"": ""The use of the past tense 'was' indicates that the action of 'told' already happened.""
}",['past'],0,"{
  ""Properties"": [""present""],
  ""Explanation"": ""The use of 'told' indicates the present tense, which is often used in news headlines for immediacy effect.""
}",['present'],"{
  ""Properties"": [""past""],
  ""Explanation"": ""The use of 'was' indicates that the action has already happened, placing it in the past tense.""
}",['past'],"{
  ""Properties"": [""present""],
  ""Explanation"": ""The use of the present tense in the quote 'the verdict was “horrifying' emphasizes the immediacy and impact of the statement.""
}",['present'],0,['present'],1.0,0.0,,['past'],present,"{
  ""Answer"": ""no"",
  ""Explanation"": ""The sentence 'Conservative Ben Shapiro told Fox news the verdict was “horrifying.' is in the past tense. The verb 'told' indicates that the action took place in the past, not in the present.""
}",[]
14,[0],Conservative Ben Shapiro told Fox news the verdict was “horrifying.,Tense,['past'],['past'],['past'],True,[],"{
  ""Properties"": [""present""],
  ""Explanation"": ""The use of 'told' indicates the past tense, but the verb 'was' is in the present tense, emphasizing the immediacy of the verdict as well as its impact on the speaker."" 
}",['present'],"{
  ""Properties"": [""past""],
  ""Explanation"": ""The sentence uses the past tense 'was' to express something that already happened.""
}",['past'],"{
  ""Properties"": [""past""],
  ""Explanation"": ""The use of the past tense 'was' indicates that the action of 'told' already happened.""
}",['past'],0,"{
  ""Properties"": [""present""],
  ""Explanation"": ""The use of 'told' indicates the present tense, which is often used in news headlines for immediacy effect.""
}",['present'],"{
  ""Properties"": [""past""],
  ""Explanation"": ""The use of 'was' indicates that the action has already happened, placing it in the past tense.""
}",['past'],"{
  ""Properties"": [""present""],
  ""Explanation"": ""The use of the present tense in the quote 'the verdict was “horrifying' emphasizes the immediacy and impact of the statement.""
}",['present'],0,['present'],1.0,0.0,,['past'],past,"{
  ""Answer"": ""yes"",
  ""Explanation"": ""The sentence contains the past tense verb 'told,' which indicates that the action of telling already happened. This aligns with the definition of past tense as a verb tense expressing something that already occurred.""
}",['past']
14,[0],Conservative Ben Shapiro told Fox news the verdict was “horrifying.,Tense,['past'],['past'],['past'],True,[],"{
  ""Properties"": [""present""],
  ""Explanation"": ""The use of 'told' indicates the past tense, but the verb 'was' is in the present tense, emphasizing the immediacy of the verdict as well as its impact on the speaker."" 
}",['present'],"{
  ""Properties"": [""past""],
  ""Explanation"": ""The sentence uses the past tense 'was' to express something that already happened.""
}",['past'],"{
  ""Properties"": [""past""],
  ""Explanation"": ""The use of the past tense 'was' indicates that the action of 'told' already happened.""
}",['past'],0,"{
  ""Properties"": [""present""],
  ""Explanation"": ""The use of 'told' indicates the present tense, which is often used in news headlines for immediacy effect.""
}",['present'],"{
  ""Properties"": [""past""],
  ""Explanation"": ""The use of 'was' indicates that the action has already happened, placing it in the past tense.""
}",['past'],"{
  ""Properties"": [""present""],
  ""Explanation"": ""The use of the present tense in the quote 'the verdict was “horrifying' emphasizes the immediacy and impact of the statement.""
}",['present'],0,['present'],1.0,0.0,,['past'],future,"{
  ""Answer"": ""no"",
  ""Explanation"": ""The sentence 'Conservative Ben Shapiro told Fox news the verdict was “horrifying.' does not contain a future tense verb. The verb 'told' is in the past tense, and 'was' is also in the past tense. There is no indication of an action that has yet to happen.""
}",[]
14,[0],Conservative Ben Shapiro told Fox news the verdict was “horrifying.,Tense,['past'],['past'],['past'],True,[],"{
  ""Properties"": [""present""],
  ""Explanation"": ""The use of 'told' indicates the past tense, but the verb 'was' is in the present tense, emphasizing the immediacy of the verdict as well as its impact on the speaker."" 
}",['present'],"{
  ""Properties"": [""past""],
  ""Explanation"": ""The sentence uses the past tense 'was' to express something that already happened.""
}",['past'],"{
  ""Properties"": [""past""],
  ""Explanation"": ""The use of the past tense 'was' indicates that the action of 'told' already happened.""
}",['past'],0,"{
  ""Properties"": [""present""],
  ""Explanation"": ""The use of 'told' indicates the present tense, which is often used in news headlines for immediacy effect.""
}",['present'],"{
  ""Properties"": [""past""],
  ""Explanation"": ""The use of 'was' indicates that the action has already happened, placing it in the past tense.""
}",['past'],"{
  ""Properties"": [""present""],
  ""Explanation"": ""The use of the present tense in the quote 'the verdict was “horrifying' emphasizes the immediacy and impact of the statement.""
}",['present'],0,['present'],1.0,0.0,,['past'],progression,"{
  ""Answer"": ""no"",
  ""Explanation"": ""The sentence 'Conservative Ben Shapiro told Fox news the verdict was “horrifying.' does not contain progression tense. The entire sentence is in the past tense, as indicated by the verb 'told.' There is no change in tense within the sentence.""
}",[]
16,[0],"According to Breitbart, “Sellner, who described the detention centre as looking akin to a typical American prison, said he was told by authorities that his speaking at Hyde Park could cause violence and disrupt community cohesion.”",Tense,['past'],['past'],['past'],True,[],"{
  ""Properties"": [""present"", ""past""],
  ""Explanation"": ""The text uses the past tense 'described' and 'was told' to express actions that have already happened. It also uses the present tense 'could cause' to emphasize a potential action in the future.""
}","['present', 'past']","{
  ""Properties"": [""past""],
  ""Explanation"": ""The text uses the past tense to describe actions that have already taken place, such as 'he was told' and 'could cause.'""
}",['past'],"{
  ""Properties"": [""present"", ""past""],
  ""Explanation"": ""The sentence contains the use of the past tense ('was told') to indicate that the action of being told by the authorities occurred in the past. It also includes the present tense ('could cause') to emphasize the potential immediate impact of his speaking at Hyde Park.""
}","['present', 'past']",0,"{
  ""Properties"": [""present"", ""past""],
  ""Explanation"": ""The text uses the present tense in 'described' and 'said' to emphasize the immediacy of the actions, and the past tense in 'was told' to indicate that the action already happened.""
}","['present', 'past']","{
  ""Properties"": [""present"", ""past""],
  ""Explanation"": ""The text uses the present tense 'described' for immediacy effect and the past tense 'was told' to express something that already happened.""
}","['present', 'past']","{
  ""Properties"": [""present"", ""past""],
  ""Explanation"": ""The text uses the present tense in 'described' and 'said' to emphasize the immediacy of Sellner's actions, and the past tense in 'was told' to indicate that this action already happened.""
}","['present', 'past']",1,"['present', 'past']",1.0,0.0,GPT misinterprets the definition,['past'],present,"{
  ""Answer"": ""yes"",
  ""Explanation"": ""The sentence contains the present tense verb 'said,' which is used to report speech. Although 'said' is in the past tense, the reporting of speech itself is considered a present action in the context of the sentence. Additionally, the verb 'could' is in the present conditional tense, indicating a potential action in the present or future.""
}",['present']
16,[0],"According to Breitbart, “Sellner, who described the detention centre as looking akin to a typical American prison, said he was told by authorities that his speaking at Hyde Park could cause violence and disrupt community cohesion.”",Tense,['past'],['past'],['past'],True,[],"{
  ""Properties"": [""present"", ""past""],
  ""Explanation"": ""The text uses the past tense 'described' and 'was told' to express actions that have already happened. It also uses the present tense 'could cause' to emphasize a potential action in the future.""
}","['present', 'past']","{
  ""Properties"": [""past""],
  ""Explanation"": ""The text uses the past tense to describe actions that have already taken place, such as 'he was told' and 'could cause.'""
}",['past'],"{
  ""Properties"": [""present"", ""past""],
  ""Explanation"": ""The sentence contains the use of the past tense ('was told') to indicate that the action of being told by the authorities occurred in the past. It also includes the present tense ('could cause') to emphasize the potential immediate impact of his speaking at Hyde Park.""
}","['present', 'past']",0,"{
  ""Properties"": [""present"", ""past""],
  ""Explanation"": ""The text uses the present tense in 'described' and 'said' to emphasize the immediacy of the actions, and the past tense in 'was told' to indicate that the action already happened.""
}","['present', 'past']","{
  ""Properties"": [""present"", ""past""],
  ""Explanation"": ""The text uses the present tense 'described' for immediacy effect and the past tense 'was told' to express something that already happened.""
}","['present', 'past']","{
  ""Properties"": [""present"", ""past""],
  ""Explanation"": ""The text uses the present tense in 'described' and 'said' to emphasize the immediacy of Sellner's actions, and the past tense in 'was told' to indicate that this action already happened.""
}","['present', 'past']",1,"['present', 'past']",1.0,0.0,GPT misinterprets the definition,['past'],past,"{
  ""Answer"": ""yes"",
  ""Explanation"": ""The sentence contains the past tense verb 'said,' which indicates that Sellner's statement about the detention center and the authorities' warning occurred in the past.""
}",['past']
16,[0],"According to Breitbart, “Sellner, who described the detention centre as looking akin to a typical American prison, said he was told by authorities that his speaking at Hyde Park could cause violence and disrupt community cohesion.”",Tense,['past'],['past'],['past'],True,[],"{
  ""Properties"": [""present"", ""past""],
  ""Explanation"": ""The text uses the past tense 'described' and 'was told' to express actions that have already happened. It also uses the present tense 'could cause' to emphasize a potential action in the future.""
}","['present', 'past']","{
  ""Properties"": [""past""],
  ""Explanation"": ""The text uses the past tense to describe actions that have already taken place, such as 'he was told' and 'could cause.'""
}",['past'],"{
  ""Properties"": [""present"", ""past""],
  ""Explanation"": ""The sentence contains the use of the past tense ('was told') to indicate that the action of being told by the authorities occurred in the past. It also includes the present tense ('could cause') to emphasize the potential immediate impact of his speaking at Hyde Park.""
}","['present', 'past']",0,"{
  ""Properties"": [""present"", ""past""],
  ""Explanation"": ""The text uses the present tense in 'described' and 'said' to emphasize the immediacy of the actions, and the past tense in 'was told' to indicate that the action already happened.""
}","['present', 'past']","{
  ""Properties"": [""present"", ""past""],
  ""Explanation"": ""The text uses the present tense 'described' for immediacy effect and the past tense 'was told' to express something that already happened.""
}","['present', 'past']","{
  ""Properties"": [""present"", ""past""],
  ""Explanation"": ""The text uses the present tense in 'described' and 'said' to emphasize the immediacy of Sellner's actions, and the past tense in 'was told' to indicate that this action already happened.""
}","['present', 'past']",1,"['present', 'past']",1.0,0.0,GPT misinterprets the definition,['past'],future,"{
  ""Answer"": ""no"",
  ""Explanation"": ""The sentence provided does not contain any verbs in the future tense. The verbs 'described,' 'said,' and 'was told' are all in the past tense. The sentence is reporting past events and statements rather than expressing something that has yet to happen.""
}",[]
16,[0],"According to Breitbart, “Sellner, who described the detention centre as looking akin to a typical American prison, said he was told by authorities that his speaking at Hyde Park could cause violence and disrupt community cohesion.”",Tense,['past'],['past'],['past'],True,[],"{
  ""Properties"": [""present"", ""past""],
  ""Explanation"": ""The text uses the past tense 'described' and 'was told' to express actions that have already happened. It also uses the present tense 'could cause' to emphasize a potential action in the future.""
}","['present', 'past']","{
  ""Properties"": [""past""],
  ""Explanation"": ""The text uses the past tense to describe actions that have already taken place, such as 'he was told' and 'could cause.'""
}",['past'],"{
  ""Properties"": [""present"", ""past""],
  ""Explanation"": ""The sentence contains the use of the past tense ('was told') to indicate that the action of being told by the authorities occurred in the past. It also includes the present tense ('could cause') to emphasize the potential immediate impact of his speaking at Hyde Park.""
}","['present', 'past']",0,"{
  ""Properties"": [""present"", ""past""],
  ""Explanation"": ""The text uses the present tense in 'described' and 'said' to emphasize the immediacy of the actions, and the past tense in 'was told' to indicate that the action already happened.""
}","['present', 'past']","{
  ""Properties"": [""present"", ""past""],
  ""Explanation"": ""The text uses the present tense 'described' for immediacy effect and the past tense 'was told' to express something that already happened.""
}","['present', 'past']","{
  ""Properties"": [""present"", ""past""],
  ""Explanation"": ""The text uses the present tense in 'described' and 'said' to emphasize the immediacy of Sellner's actions, and the past tense in 'was told' to indicate that this action already happened.""
}","['present', 'past']",1,"['present', 'past']",1.0,0.0,GPT misinterprets the definition,['past'],progression,"{
  ""Answer"": ""no"",
  ""Explanation"": ""The sentence does not contain progression tense. The entire sentence is consistently in the past tense, describing events that have already occurred. There is no shift to a different tense for effect.""
}",[]
68,[0],"I have read the Cardinal's exposition in both Italian and English, and I only find mention of the help of the sacraments in certain cases.",Tense,['present'],['present'],['present'],True,[],"{
  ""Properties"": [""past""],
  ""Explanation"": ""The text uses the past tense ('have read', 'find mention', 'exposition', 'find mention') to indicate that these actions have already occurred.""
}",['past'],"{
  ""Properties"": [""present"", ""past""],
  ""Explanation"": ""The use of 'have read', 'find mention', and 'only find' indicate the presence of both present and past tense in the text.""
}","['present', 'past']","{
  ""Properties"": [""past""],
  ""Explanation"": ""The use of past tense 'have read' and 'find mention' indicates that the actions have already happened.""
}",['past'],0,"{
  ""Properties"": [""past""],
  ""Explanation"": ""The use of 'find' and 'mention' indicates that the text is discussing something that has already happened, so the past tense is used.""
}",['past'],"{
  ""Properties"": [""past""],
  ""Explanation"": ""The use of 'find' and 'mention' indicate that the text is discussing something that has already happened, hence the use of the past tense.""
}",['past'],"{
  ""Properties"": [""past""],
  ""Explanation"": ""The use of 'find' and 'mention' indicates that the text is discussing something that has already happened, hence the use of the past tense.""
}",['past'],1,['past'],0.0,0.0,GPT misinterprets the definition,"['present', 'past']",present,"{
  ""Answer"": ""no"",
  ""Explanation"": ""The sentence 'I have read the Cardinal's exposition in both Italian and English, and I only find mention of the help of the sacraments in certain cases.' contains the present perfect tense ('have read') and the simple present tense ('find'). However, the primary action 'have read' is in the present perfect tense, which indicates an action that has been completed at some point in the past but is relevant to the present. Therefore, it does not strictly express something that takes place right now, which is the definition of the present tense.""
}",[]
68,[0],"I have read the Cardinal's exposition in both Italian and English, and I only find mention of the help of the sacraments in certain cases.",Tense,['present'],['present'],['present'],True,[],"{
  ""Properties"": [""past""],
  ""Explanation"": ""The text uses the past tense ('have read', 'find mention', 'exposition', 'find mention') to indicate that these actions have already occurred.""
}",['past'],"{
  ""Properties"": [""present"", ""past""],
  ""Explanation"": ""The use of 'have read', 'find mention', and 'only find' indicate the presence of both present and past tense in the text.""
}","['present', 'past']","{
  ""Properties"": [""past""],
  ""Explanation"": ""The use of past tense 'have read' and 'find mention' indicates that the actions have already happened.""
}",['past'],0,"{
  ""Properties"": [""past""],
  ""Explanation"": ""The use of 'find' and 'mention' indicates that the text is discussing something that has already happened, so the past tense is used.""
}",['past'],"{
  ""Properties"": [""past""],
  ""Explanation"": ""The use of 'find' and 'mention' indicate that the text is discussing something that has already happened, hence the use of the past tense.""
}",['past'],"{
  ""Properties"": [""past""],
  ""Explanation"": ""The use of 'find' and 'mention' indicates that the text is discussing something that has already happened, hence the use of the past tense.""
}",['past'],1,['past'],0.0,0.0,GPT misinterprets the definition,"['present', 'past']",past,"{
  ""Answer"": ""no"",
  ""Explanation"": ""The sentence 'I have read the Cardinal's exposition in both Italian and English, and I only find mention of the help of the sacraments in certain cases.' does not contain a verb in the past tense. The verb 'have read' is in the present perfect tense, and 'find' is in the present tense.""
}",[]
68,[0],"I have read the Cardinal's exposition in both Italian and English, and I only find mention of the help of the sacraments in certain cases.",Tense,['present'],['present'],['present'],True,[],"{
  ""Properties"": [""past""],
  ""Explanation"": ""The text uses the past tense ('have read', 'find mention', 'exposition', 'find mention') to indicate that these actions have already occurred.""
}",['past'],"{
  ""Properties"": [""present"", ""past""],
  ""Explanation"": ""The use of 'have read', 'find mention', and 'only find' indicate the presence of both present and past tense in the text.""
}","['present', 'past']","{
  ""Properties"": [""past""],
  ""Explanation"": ""The use of past tense 'have read' and 'find mention' indicates that the actions have already happened.""
}",['past'],0,"{
  ""Properties"": [""past""],
  ""Explanation"": ""The use of 'find' and 'mention' indicates that the text is discussing something that has already happened, so the past tense is used.""
}",['past'],"{
  ""Properties"": [""past""],
  ""Explanation"": ""The use of 'find' and 'mention' indicate that the text is discussing something that has already happened, hence the use of the past tense.""
}",['past'],"{
  ""Properties"": [""past""],
  ""Explanation"": ""The use of 'find' and 'mention' indicates that the text is discussing something that has already happened, hence the use of the past tense.""
}",['past'],1,['past'],0.0,0.0,GPT misinterprets the definition,"['present', 'past']",future,"{
  ""Answer"": ""no"",
  ""Explanation"": ""The sentence 'I have read the Cardinal's exposition in both Italian and English, and I only find mention of the help of the sacraments in certain cases.' does not contain future tense. The verbs 'have read' and 'find' are in the present perfect and simple present tenses, respectively. There is no indication of an action that has yet to happen.""
}",[]
68,[0],"I have read the Cardinal's exposition in both Italian and English, and I only find mention of the help of the sacraments in certain cases.",Tense,['present'],['present'],['present'],True,[],"{
  ""Properties"": [""past""],
  ""Explanation"": ""The text uses the past tense ('have read', 'find mention', 'exposition', 'find mention') to indicate that these actions have already occurred.""
}",['past'],"{
  ""Properties"": [""present"", ""past""],
  ""Explanation"": ""The use of 'have read', 'find mention', and 'only find' indicate the presence of both present and past tense in the text.""
}","['present', 'past']","{
  ""Properties"": [""past""],
  ""Explanation"": ""The use of past tense 'have read' and 'find mention' indicates that the actions have already happened.""
}",['past'],0,"{
  ""Properties"": [""past""],
  ""Explanation"": ""The use of 'find' and 'mention' indicates that the text is discussing something that has already happened, so the past tense is used.""
}",['past'],"{
  ""Properties"": [""past""],
  ""Explanation"": ""The use of 'find' and 'mention' indicate that the text is discussing something that has already happened, hence the use of the past tense.""
}",['past'],"{
  ""Properties"": [""past""],
  ""Explanation"": ""The use of 'find' and 'mention' indicates that the text is discussing something that has already happened, hence the use of the past tense.""
}",['past'],1,['past'],0.0,0.0,GPT misinterprets the definition,"['present', 'past']",progression,"{
  ""Answer"": ""no"",
  ""Explanation"": ""The sentence 'I have read the Cardinal's exposition in both Italian and English, and I only find mention of the help of the sacraments in certain cases.' does not contain progression tense. The tense remains consistent throughout the sentence, with both clauses using the present perfect tense ('have read' and 'find'). Progression tense involves changing tenses within a sentence for effect, which is not the case here.""
}",[]
80,[1],"Also, as this is an unprecedented moment in papal history, perhaps the unprecedented step of recalling Benedict XVI to the Chair of St. Peter should also be considered sooner rather than later, before this crisis gets any more out-of-control than it already is.",Tense,['present'],['present'],['present'],True,[],"{
  ""Properties"": [""present"", ""future""],
  ""Explanation"": ""The use of 'is' in 'before this crisis gets any more out-of-control than it already is' signifies present tense, and 'should also be considered' suggests a future action.""
}","['present', 'future']","{
  ""Properties"": [""future""],
  ""Explanation"": ""The use of 'should... be considered' and 'before this crisis gets' indicate the use of future tense to express something that has yet to happen.""
}",['future'],"{
  ""Properties"": [""future""],
  ""Explanation"": ""The use of 'should' and 'before' indicate a future action or possibility.""
}",['future'],0,"{
  ""Properties"": [""present"", ""future""],
  ""Explanation"": ""The use of 'is' in 'than it already is' indicates present tense, while 'should also be considered' and 'gets' indicate future tense.""
}","['present', 'future']","{
  ""Properties"": [""present"", ""future""],
  ""Explanation"": ""The use of 'is' in 'before this crisis gets any more out-of-control than it already is' indicates present tense, while 'should also be considered' indicates future tense.""
}","['present', 'future']","{
  ""Properties"": [""future""],
  ""Explanation"": ""The use of 'should also be considered' and 'before this crisis gets' indicates a future tense, expressing something that has yet to happen.""
}",['future'],0,"['present', 'future']",1.0,0.0,,['present'],present,"{
  ""Answer"": ""yes"",
  ""Explanation"": ""The sentence contains the present tense in the phrase 'this crisis gets any more out-of-control.' The verb 'gets' is in the present tense, indicating an action that is happening right now.""
}",['present']
80,[1],"Also, as this is an unprecedented moment in papal history, perhaps the unprecedented step of recalling Benedict XVI to the Chair of St. Peter should also be considered sooner rather than later, before this crisis gets any more out-of-control than it already is.",Tense,['present'],['present'],['present'],True,[],"{
  ""Properties"": [""present"", ""future""],
  ""Explanation"": ""The use of 'is' in 'before this crisis gets any more out-of-control than it already is' signifies present tense, and 'should also be considered' suggests a future action.""
}","['present', 'future']","{
  ""Properties"": [""future""],
  ""Explanation"": ""The use of 'should... be considered' and 'before this crisis gets' indicate the use of future tense to express something that has yet to happen.""
}",['future'],"{
  ""Properties"": [""future""],
  ""Explanation"": ""The use of 'should' and 'before' indicate a future action or possibility.""
}",['future'],0,"{
  ""Properties"": [""present"", ""future""],
  ""Explanation"": ""The use of 'is' in 'than it already is' indicates present tense, while 'should also be considered' and 'gets' indicate future tense.""
}","['present', 'future']","{
  ""Properties"": [""present"", ""future""],
  ""Explanation"": ""The use of 'is' in 'before this crisis gets any more out-of-control than it already is' indicates present tense, while 'should also be considered' indicates future tense.""
}","['present', 'future']","{
  ""Properties"": [""future""],
  ""Explanation"": ""The use of 'should also be considered' and 'before this crisis gets' indicates a future tense, expressing something that has yet to happen.""
}",['future'],0,"['present', 'future']",1.0,0.0,,['present'],past,"{
  ""Answer"": ""no"",
  ""Explanation"": ""The sentence provided does not contain any verbs in the past tense. The verbs 'is,' 'should be considered,' and 'gets' are in the present tense or future tense. Therefore, the sentence does not express any action that has already happened.""
}",[]
80,[1],"Also, as this is an unprecedented moment in papal history, perhaps the unprecedented step of recalling Benedict XVI to the Chair of St. Peter should also be considered sooner rather than later, before this crisis gets any more out-of-control than it already is.",Tense,['present'],['present'],['present'],True,[],"{
  ""Properties"": [""present"", ""future""],
  ""Explanation"": ""The use of 'is' in 'before this crisis gets any more out-of-control than it already is' signifies present tense, and 'should also be considered' suggests a future action.""
}","['present', 'future']","{
  ""Properties"": [""future""],
  ""Explanation"": ""The use of 'should... be considered' and 'before this crisis gets' indicate the use of future tense to express something that has yet to happen.""
}",['future'],"{
  ""Properties"": [""future""],
  ""Explanation"": ""The use of 'should' and 'before' indicate a future action or possibility.""
}",['future'],0,"{
  ""Properties"": [""present"", ""future""],
  ""Explanation"": ""The use of 'is' in 'than it already is' indicates present tense, while 'should also be considered' and 'gets' indicate future tense.""
}","['present', 'future']","{
  ""Properties"": [""present"", ""future""],
  ""Explanation"": ""The use of 'is' in 'before this crisis gets any more out-of-control than it already is' indicates present tense, while 'should also be considered' indicates future tense.""
}","['present', 'future']","{
  ""Properties"": [""future""],
  ""Explanation"": ""The use of 'should also be considered' and 'before this crisis gets' indicates a future tense, expressing something that has yet to happen.""
}",['future'],0,"['present', 'future']",1.0,0.0,,['present'],future,"{
  ""Answer"": ""no"",
  ""Explanation"": ""The sentence does not contain a verb in the future tense. It discusses a suggestion ('should also be considered') and a condition ('before this crisis gets any more out-of-control'), but it does not use a verb form that explicitly indicates future tense, such as 'will' or 'shall'.""
}",[]
80,[1],"Also, as this is an unprecedented moment in papal history, perhaps the unprecedented step of recalling Benedict XVI to the Chair of St. Peter should also be considered sooner rather than later, before this crisis gets any more out-of-control than it already is.",Tense,['present'],['present'],['present'],True,[],"{
  ""Properties"": [""present"", ""future""],
  ""Explanation"": ""The use of 'is' in 'before this crisis gets any more out-of-control than it already is' signifies present tense, and 'should also be considered' suggests a future action.""
}","['present', 'future']","{
  ""Properties"": [""future""],
  ""Explanation"": ""The use of 'should... be considered' and 'before this crisis gets' indicate the use of future tense to express something that has yet to happen.""
}",['future'],"{
  ""Properties"": [""future""],
  ""Explanation"": ""The use of 'should' and 'before' indicate a future action or possibility.""
}",['future'],0,"{
  ""Properties"": [""present"", ""future""],
  ""Explanation"": ""The use of 'is' in 'than it already is' indicates present tense, while 'should also be considered' and 'gets' indicate future tense.""
}","['present', 'future']","{
  ""Properties"": [""present"", ""future""],
  ""Explanation"": ""The use of 'is' in 'before this crisis gets any more out-of-control than it already is' indicates present tense, while 'should also be considered' indicates future tense.""
}","['present', 'future']","{
  ""Properties"": [""future""],
  ""Explanation"": ""The use of 'should also be considered' and 'before this crisis gets' indicates a future tense, expressing something that has yet to happen.""
}",['future'],0,"['present', 'future']",1.0,0.0,,['present'],progression,"{
  ""Answer"": ""no"",
  ""Explanation"": ""The sentence does not contain progression tense. The entire sentence is written in the present tense, discussing a current situation and potential future actions. There is no shift in tense within the sentence.""
}",[]
117,[ 1 12],"And so Chris Bryant, “a senior Labour backbencher, has written to May urging her to go further, and issue an official ban on Donald Trump from entering the UK on the grounds he is condoning fascism and his presence is ‘not conducive to the public good’, a senior Labour MP has said.”",Tense,['present'],['present'],['present'],True,[],"{
  ""Properties"": [""present"", ""progression""],
  ""Explanation"": ""The use of present tense ('has written', 'is condoning', 'has said') provides immediacy and emphasizes the actions being taken, while the progression of tenses from 'has written' to 'has said' in the same sentence is used for a rhetorical effect.""
}","['present', 'progression']","{
  ""Properties"": [""present"", ""progression""],
  ""Explanation"": ""The use of 'has written' and 'urging' indicates the present tense, creating immediacy. Additionally, the shift from 'has written' to 'has said' in the same sentence creates a tense progression for effect.""
}","['present', 'progression']","{
  ""Properties"": [
    ""present""
  ],
  ""Explanation"": ""The use of 'has written', 'urging', and 'has said' indicates the use of present tense for immediacy and emphasis.""
}",['present'],0,"{
  ""Properties"": [""present"", ""progression""],
  ""Explanation"": ""The use of 'has written' and 'urging' indicates the present tense, which is often used in news for immediacy effect. Additionally, the change from 'has written' to 'has said' in the middle of the sentence creates a progression effect.""
}","['present', 'progression']","{
  ""Properties"": [""present"", ""progression""],
  ""Explanation"": ""The use of 'has written', 'urging', and 'has said' indicates the use of present tense for immediacy effect. Additionally, the change from 'has written' (present perfect) to 'has said' (present perfect) in the middle of the sentence creates a progression for rhetorical effect.""
}","['present', 'progression']","{
  ""Properties"": [""present"", ""progression""],
  ""Explanation"": ""The use of 'has written' and 'urging' indicates the present tense, while the shift from 'has written' to 'has said' creates a tense progression for effect.""
}","['present', 'progression']",1,"['present', 'progression']",0.0,0.0,,"['present', 'past']",present,"{
  ""Answer"": ""yes"",
  ""Explanation"": ""The sentence contains present tense verbs. Specifically, 'has written' and 'is condoning' are in the present perfect and present continuous tenses, respectively, which are forms of the present tense.""
}",['present']
117,[ 1 12],"And so Chris Bryant, “a senior Labour backbencher, has written to May urging her to go further, and issue an official ban on Donald Trump from entering the UK on the grounds he is condoning fascism and his presence is ‘not conducive to the public good’, a senior Labour MP has said.”",Tense,['present'],['present'],['present'],True,[],"{
  ""Properties"": [""present"", ""progression""],
  ""Explanation"": ""The use of present tense ('has written', 'is condoning', 'has said') provides immediacy and emphasizes the actions being taken, while the progression of tenses from 'has written' to 'has said' in the same sentence is used for a rhetorical effect.""
}","['present', 'progression']","{
  ""Properties"": [""present"", ""progression""],
  ""Explanation"": ""The use of 'has written' and 'urging' indicates the present tense, creating immediacy. Additionally, the shift from 'has written' to 'has said' in the same sentence creates a tense progression for effect.""
}","['present', 'progression']","{
  ""Properties"": [
    ""present""
  ],
  ""Explanation"": ""The use of 'has written', 'urging', and 'has said' indicates the use of present tense for immediacy and emphasis.""
}",['present'],0,"{
  ""Properties"": [""present"", ""progression""],
  ""Explanation"": ""The use of 'has written' and 'urging' indicates the present tense, which is often used in news for immediacy effect. Additionally, the change from 'has written' to 'has said' in the middle of the sentence creates a progression effect.""
}","['present', 'progression']","{
  ""Properties"": [""present"", ""progression""],
  ""Explanation"": ""The use of 'has written', 'urging', and 'has said' indicates the use of present tense for immediacy effect. Additionally, the change from 'has written' (present perfect) to 'has said' (present perfect) in the middle of the sentence creates a progression for rhetorical effect.""
}","['present', 'progression']","{
  ""Properties"": [""present"", ""progression""],
  ""Explanation"": ""The use of 'has written' and 'urging' indicates the present tense, while the shift from 'has written' to 'has said' creates a tense progression for effect.""
}","['present', 'progression']",1,"['present', 'progression']",0.0,0.0,,"['present', 'past']",past,"{
  ""Answer"": ""no"",
  ""Explanation"": ""The sentence provided does not contain any verbs in the past tense. The verbs 'has written,' 'urging,' 'issue,' 'is condoning,' 'is,' and 'has said' are either in the present perfect tense, present continuous tense, or simple present tense.""
}",[]
117,[ 1 12],"And so Chris Bryant, “a senior Labour backbencher, has written to May urging her to go further, and issue an official ban on Donald Trump from entering the UK on the grounds he is condoning fascism and his presence is ‘not conducive to the public good’, a senior Labour MP has said.”",Tense,['present'],['present'],['present'],True,[],"{
  ""Properties"": [""present"", ""progression""],
  ""Explanation"": ""The use of present tense ('has written', 'is condoning', 'has said') provides immediacy and emphasizes the actions being taken, while the progression of tenses from 'has written' to 'has said' in the same sentence is used for a rhetorical effect.""
}","['present', 'progression']","{
  ""Properties"": [""present"", ""progression""],
  ""Explanation"": ""The use of 'has written' and 'urging' indicates the present tense, creating immediacy. Additionally, the shift from 'has written' to 'has said' in the same sentence creates a tense progression for effect.""
}","['present', 'progression']","{
  ""Properties"": [
    ""present""
  ],
  ""Explanation"": ""The use of 'has written', 'urging', and 'has said' indicates the use of present tense for immediacy and emphasis.""
}",['present'],0,"{
  ""Properties"": [""present"", ""progression""],
  ""Explanation"": ""The use of 'has written' and 'urging' indicates the present tense, which is often used in news for immediacy effect. Additionally, the change from 'has written' to 'has said' in the middle of the sentence creates a progression effect.""
}","['present', 'progression']","{
  ""Properties"": [""present"", ""progression""],
  ""Explanation"": ""The use of 'has written', 'urging', and 'has said' indicates the use of present tense for immediacy effect. Additionally, the change from 'has written' (present perfect) to 'has said' (present perfect) in the middle of the sentence creates a progression for rhetorical effect.""
}","['present', 'progression']","{
  ""Properties"": [""present"", ""progression""],
  ""Explanation"": ""The use of 'has written' and 'urging' indicates the present tense, while the shift from 'has written' to 'has said' creates a tense progression for effect.""
}","['present', 'progression']",1,"['present', 'progression']",0.0,0.0,,"['present', 'past']",future,"{
  ""Answer"": ""no"",
  ""Explanation"": ""The sentence provided does not contain a future tense verb. The verbs 'has written' and 'has said' are in the present perfect tense, which indicates actions that have been completed at some point in the past but are relevant to the present. There is no verb in the sentence that expresses an action that has yet to happen.""
}",[]
117,[ 1 12],"And so Chris Bryant, “a senior Labour backbencher, has written to May urging her to go further, and issue an official ban on Donald Trump from entering the UK on the grounds he is condoning fascism and his presence is ‘not conducive to the public good’, a senior Labour MP has said.”",Tense,['present'],['present'],['present'],True,[],"{
  ""Properties"": [""present"", ""progression""],
  ""Explanation"": ""The use of present tense ('has written', 'is condoning', 'has said') provides immediacy and emphasizes the actions being taken, while the progression of tenses from 'has written' to 'has said' in the same sentence is used for a rhetorical effect.""
}","['present', 'progression']","{
  ""Properties"": [""present"", ""progression""],
  ""Explanation"": ""The use of 'has written' and 'urging' indicates the present tense, creating immediacy. Additionally, the shift from 'has written' to 'has said' in the same sentence creates a tense progression for effect.""
}","['present', 'progression']","{
  ""Properties"": [
    ""present""
  ],
  ""Explanation"": ""The use of 'has written', 'urging', and 'has said' indicates the use of present tense for immediacy and emphasis.""
}",['present'],0,"{
  ""Properties"": [""present"", ""progression""],
  ""Explanation"": ""The use of 'has written' and 'urging' indicates the present tense, which is often used in news for immediacy effect. Additionally, the change from 'has written' to 'has said' in the middle of the sentence creates a progression effect.""
}","['present', 'progression']","{
  ""Properties"": [""present"", ""progression""],
  ""Explanation"": ""The use of 'has written', 'urging', and 'has said' indicates the use of present tense for immediacy effect. Additionally, the change from 'has written' (present perfect) to 'has said' (present perfect) in the middle of the sentence creates a progression for rhetorical effect.""
}","['present', 'progression']","{
  ""Properties"": [""present"", ""progression""],
  ""Explanation"": ""The use of 'has written' and 'urging' indicates the present tense, while the shift from 'has written' to 'has said' creates a tense progression for effect.""
}","['present', 'progression']",1,"['present', 'progression']",0.0,0.0,,"['present', 'past']",progression,"{
  ""Answer"": ""no"",
  ""Explanation"": ""The sentence does not contain progression tense. The tense remains consistent throughout the sentence, using the present perfect tense ('has written', 'has said') and the present continuous tense ('is condoning'). There is no shift in tense for effect.""
}",[]
249,[2],"Although the claims are intriguing, it is important to remember that after virtually every terror attack and mass shooting, friends and neighbors express shock that the culprit would be capable of carrying out such horrors, with some outright denying it to be possible.",Tense,['present'],['present'],['present'],True,[],"{
  ""Properties"": [""present"", ""progression""],
  ""Explanation"": ""The sentence begins with 'claims are', using present tense for immediacy effect. Then it switches to past tense with 'important to remember' and 'after virtually every terror attack', creating a progression in tense for effect.""
}","['present', 'progression']","{
  ""Properties"": [""present"", ""progression""],
  ""Explanation"": ""The use of 'are intriguing', 'is important', and 'remember' indicate the present tense, while 'would be capable' and 'outright denying' create a progression by changing the tense in the middle of the sentence for effect.""
}","['present', 'progression']","{
  ""Properties"": [""present"", ""progression""],
  ""Explanation"": ""The text uses the present tense in 'are intriguing', 'is important', and 'remember' for immediacy and emphasis. It also switches from present tense to past tense in 'express shock' and 'would be capable' for a progression effect.""
}","['present', 'progression']",1,"{
  ""Properties"": [""present"", ""progression""]
}

 	","['present', 'progression']","{
  ""Properties"": [""present"", ""progression""],
  ""Explanation"": ""The text uses the present tense to emphasize the ongoing nature of the situation, and it also employs tense progression by switching from present to past tense in the middle of the sentence for effect.""
}","['present', 'progression']","{
  ""Properties"": [""present"", ""progression""],
  ""Explanation"": ""The text uses the present tense to emphasize the ongoing nature of the situation, and also switches to the present tense in the middle of the sentence ('express' and 'deny') for effect.""
}","['present', 'progression']",1,"['present', 'progression']",1.0,0.0,,['present'],present,"{
  ""Answer"": ""yes"",
  ""Explanation"": ""The sentence contains present tense verbs such as 'are' and 'is'. These verbs indicate actions or states that are occurring in the present time.""
}",['present']
249,[2],"Although the claims are intriguing, it is important to remember that after virtually every terror attack and mass shooting, friends and neighbors express shock that the culprit would be capable of carrying out such horrors, with some outright denying it to be possible.",Tense,['present'],['present'],['present'],True,[],"{
  ""Properties"": [""present"", ""progression""],
  ""Explanation"": ""The sentence begins with 'claims are', using present tense for immediacy effect. Then it switches to past tense with 'important to remember' and 'after virtually every terror attack', creating a progression in tense for effect.""
}","['present', 'progression']","{
  ""Properties"": [""present"", ""progression""],
  ""Explanation"": ""The use of 'are intriguing', 'is important', and 'remember' indicate the present tense, while 'would be capable' and 'outright denying' create a progression by changing the tense in the middle of the sentence for effect.""
}","['present', 'progression']","{
  ""Properties"": [""present"", ""progression""],
  ""Explanation"": ""The text uses the present tense in 'are intriguing', 'is important', and 'remember' for immediacy and emphasis. It also switches from present tense to past tense in 'express shock' and 'would be capable' for a progression effect.""
}","['present', 'progression']",1,"{
  ""Properties"": [""present"", ""progression""]
}

 	","['present', 'progression']","{
  ""Properties"": [""present"", ""progression""],
  ""Explanation"": ""The text uses the present tense to emphasize the ongoing nature of the situation, and it also employs tense progression by switching from present to past tense in the middle of the sentence for effect.""
}","['present', 'progression']","{
  ""Properties"": [""present"", ""progression""],
  ""Explanation"": ""The text uses the present tense to emphasize the ongoing nature of the situation, and also switches to the present tense in the middle of the sentence ('express' and 'deny') for effect.""
}","['present', 'progression']",1,"['present', 'progression']",1.0,0.0,,['present'],past,"{
  ""Answer"": ""no"",
  ""Explanation"": ""The sentence provided does not contain any verbs in the past tense. The verbs 'are,' 'is,' 'express,' and 'denying' are in the present tense or present participle form. Therefore, the sentence does not include any past tense verbs.""
}",[]
249,[2],"Although the claims are intriguing, it is important to remember that after virtually every terror attack and mass shooting, friends and neighbors express shock that the culprit would be capable of carrying out such horrors, with some outright denying it to be possible.",Tense,['present'],['present'],['present'],True,[],"{
  ""Properties"": [""present"", ""progression""],
  ""Explanation"": ""The sentence begins with 'claims are', using present tense for immediacy effect. Then it switches to past tense with 'important to remember' and 'after virtually every terror attack', creating a progression in tense for effect.""
}","['present', 'progression']","{
  ""Properties"": [""present"", ""progression""],
  ""Explanation"": ""The use of 'are intriguing', 'is important', and 'remember' indicate the present tense, while 'would be capable' and 'outright denying' create a progression by changing the tense in the middle of the sentence for effect.""
}","['present', 'progression']","{
  ""Properties"": [""present"", ""progression""],
  ""Explanation"": ""The text uses the present tense in 'are intriguing', 'is important', and 'remember' for immediacy and emphasis. It also switches from present tense to past tense in 'express shock' and 'would be capable' for a progression effect.""
}","['present', 'progression']",1,"{
  ""Properties"": [""present"", ""progression""]
}

 	","['present', 'progression']","{
  ""Properties"": [""present"", ""progression""],
  ""Explanation"": ""The text uses the present tense to emphasize the ongoing nature of the situation, and it also employs tense progression by switching from present to past tense in the middle of the sentence for effect.""
}","['present', 'progression']","{
  ""Properties"": [""present"", ""progression""],
  ""Explanation"": ""The text uses the present tense to emphasize the ongoing nature of the situation, and also switches to the present tense in the middle of the sentence ('express' and 'deny') for effect.""
}","['present', 'progression']",1,"['present', 'progression']",1.0,0.0,,['present'],future,"{
  ""Answer"": ""no"",
  ""Explanation"": ""The sentence provided does not contain any verbs in the future tense. It uses present tense verbs such as 'are,' 'is,' 'express,' and 'denying.' The sentence discusses general reactions and behaviors that occur after events, but it does not describe any actions that will happen in the future.""
}",[]
249,[2],"Although the claims are intriguing, it is important to remember that after virtually every terror attack and mass shooting, friends and neighbors express shock that the culprit would be capable of carrying out such horrors, with some outright denying it to be possible.",Tense,['present'],['present'],['present'],True,[],"{
  ""Properties"": [""present"", ""progression""],
  ""Explanation"": ""The sentence begins with 'claims are', using present tense for immediacy effect. Then it switches to past tense with 'important to remember' and 'after virtually every terror attack', creating a progression in tense for effect.""
}","['present', 'progression']","{
  ""Properties"": [""present"", ""progression""],
  ""Explanation"": ""The use of 'are intriguing', 'is important', and 'remember' indicate the present tense, while 'would be capable' and 'outright denying' create a progression by changing the tense in the middle of the sentence for effect.""
}","['present', 'progression']","{
  ""Properties"": [""present"", ""progression""],
  ""Explanation"": ""The text uses the present tense in 'are intriguing', 'is important', and 'remember' for immediacy and emphasis. It also switches from present tense to past tense in 'express shock' and 'would be capable' for a progression effect.""
}","['present', 'progression']",1,"{
  ""Properties"": [""present"", ""progression""]
}

 	","['present', 'progression']","{
  ""Properties"": [""present"", ""progression""],
  ""Explanation"": ""The text uses the present tense to emphasize the ongoing nature of the situation, and it also employs tense progression by switching from present to past tense in the middle of the sentence for effect.""
}","['present', 'progression']","{
  ""Properties"": [""present"", ""progression""],
  ""Explanation"": ""The text uses the present tense to emphasize the ongoing nature of the situation, and also switches to the present tense in the middle of the sentence ('express' and 'deny') for effect.""
}","['present', 'progression']",1,"['present', 'progression']",1.0,0.0,,['present'],progression,"{
  ""Answer"": ""no"",
  ""Explanation"": ""The sentence does not contain progression tense. It maintains a consistent tense throughout, using the present tense ('are intriguing', 'is important', 'express shock', 'denying'). There is no shift to a different tense within the sentence.""
}",[]
263,[3],"While Obama pardoned drug dealers and locked up ranchers, Trump pardons ranchers and locks up drug dealers.",Tense,"['past', 'present']","['past', 'present']","['past', 'present']",True,[],"{
  ""Properties"": [""present""],
  ""Explanation"": ""The use of 'pardons' and 'locks up' in the same sentence creates a contrast by using different tenses to highlight the actions of the two presidents. The present tense is used to emphasize the immediacy and current relevance of the actions being described.""
}",['present'],"{
  ""Properties"": [""present"", ""past""],
  ""Explanation"": ""The statement uses present tense to describe the current actions of Trump and past tense to describe the actions of Obama, indicating a shift in perspective between the two administrations.""
}","['present', 'past']","{
  ""Properties"": [""present"", ""past""],
  ""Explanation"": ""The text uses both present tense ('pardons', 'locks up') and past tense ('pardoned', 'locked up') to compare the actions of Obama and Trump, highlighting the contrast between their approaches.""
}","['present', 'past']",0,"{
  ""Properties"": [""present"", ""past""],
  ""Explanation"": ""The sentence uses both present tense ('pardons', 'locks up') and past tense ('pardoned', 'locked up') to contrast the actions of Obama and Trump, indicating a mix of present and past actions.""
}","['present', 'past']","{
  ""Properties"": [""present"", ""past""],
  ""Explanation"": ""The sentence uses both present and past tense to compare the actions of Obama and Trump, indicating a shift in actions over time.""
}","['present', 'past']","{
  ""Properties"": [""present"", ""past""],
  ""Explanation"": ""The sentence uses both present and past tense to compare the actions of Obama and Trump, emphasizing the contrast between their actions.""
}","['present', 'past']",1,"['present', 'past']",1.0,1.0,,"['past', 'present']",present,"{
  ""Answer"": ""yes"",
  ""Explanation"": ""The sentence contains present tense. The phrase 'Trump pardons ranchers and locks up drug dealers' uses the present tense verbs 'pardons' and 'locks up' to describe actions taking place right now.""
}",['present']
263,[3],"While Obama pardoned drug dealers and locked up ranchers, Trump pardons ranchers and locks up drug dealers.",Tense,"['past', 'present']","['past', 'present']","['past', 'present']",True,[],"{
  ""Properties"": [""present""],
  ""Explanation"": ""The use of 'pardons' and 'locks up' in the same sentence creates a contrast by using different tenses to highlight the actions of the two presidents. The present tense is used to emphasize the immediacy and current relevance of the actions being described.""
}",['present'],"{
  ""Properties"": [""present"", ""past""],
  ""Explanation"": ""The statement uses present tense to describe the current actions of Trump and past tense to describe the actions of Obama, indicating a shift in perspective between the two administrations.""
}","['present', 'past']","{
  ""Properties"": [""present"", ""past""],
  ""Explanation"": ""The text uses both present tense ('pardons', 'locks up') and past tense ('pardoned', 'locked up') to compare the actions of Obama and Trump, highlighting the contrast between their approaches.""
}","['present', 'past']",0,"{
  ""Properties"": [""present"", ""past""],
  ""Explanation"": ""The sentence uses both present tense ('pardons', 'locks up') and past tense ('pardoned', 'locked up') to contrast the actions of Obama and Trump, indicating a mix of present and past actions.""
}","['present', 'past']","{
  ""Properties"": [""present"", ""past""],
  ""Explanation"": ""The sentence uses both present and past tense to compare the actions of Obama and Trump, indicating a shift in actions over time.""
}","['present', 'past']","{
  ""Properties"": [""present"", ""past""],
  ""Explanation"": ""The sentence uses both present and past tense to compare the actions of Obama and Trump, emphasizing the contrast between their actions.""
}","['present', 'past']",1,"['present', 'past']",1.0,1.0,,"['past', 'present']",past,"{
  ""Answer"": ""yes"",
  ""Explanation"": ""The sentence contains both past and present tense. The phrase 'While Obama pardoned drug dealers and locked up ranchers' uses the past tense verbs 'pardoned' and 'locked up', indicating actions that have already happened. The second part of the sentence, 'Trump pardons ranchers and locks up drug dealers', uses the present tense verbs 'pardons' and 'locks up', indicating actions that are currently happening.""
}",['past']
263,[3],"While Obama pardoned drug dealers and locked up ranchers, Trump pardons ranchers and locks up drug dealers.",Tense,"['past', 'present']","['past', 'present']","['past', 'present']",True,[],"{
  ""Properties"": [""present""],
  ""Explanation"": ""The use of 'pardons' and 'locks up' in the same sentence creates a contrast by using different tenses to highlight the actions of the two presidents. The present tense is used to emphasize the immediacy and current relevance of the actions being described.""
}",['present'],"{
  ""Properties"": [""present"", ""past""],
  ""Explanation"": ""The statement uses present tense to describe the current actions of Trump and past tense to describe the actions of Obama, indicating a shift in perspective between the two administrations.""
}","['present', 'past']","{
  ""Properties"": [""present"", ""past""],
  ""Explanation"": ""The text uses both present tense ('pardons', 'locks up') and past tense ('pardoned', 'locked up') to compare the actions of Obama and Trump, highlighting the contrast between their approaches.""
}","['present', 'past']",0,"{
  ""Properties"": [""present"", ""past""],
  ""Explanation"": ""The sentence uses both present tense ('pardons', 'locks up') and past tense ('pardoned', 'locked up') to contrast the actions of Obama and Trump, indicating a mix of present and past actions.""
}","['present', 'past']","{
  ""Properties"": [""present"", ""past""],
  ""Explanation"": ""The sentence uses both present and past tense to compare the actions of Obama and Trump, indicating a shift in actions over time.""
}","['present', 'past']","{
  ""Properties"": [""present"", ""past""],
  ""Explanation"": ""The sentence uses both present and past tense to compare the actions of Obama and Trump, emphasizing the contrast between their actions.""
}","['present', 'past']",1,"['present', 'past']",1.0,1.0,,"['past', 'present']",future,"{
  ""Answer"": ""no"",
  ""Explanation"": ""The sentence 'While Obama pardoned drug dealers and locked up ranchers, Trump pardons ranchers and locks up drug dealers.' does not contain future tense. The verbs 'pardoned' and 'locked' are in the past tense, and the verbs 'pardons' and 'locks' are in the present tense. There is no verb in the future tense, which would typically be formed with 'will' or 'shall' followed by the base form of the verb.""
}",[]
263,[3],"While Obama pardoned drug dealers and locked up ranchers, Trump pardons ranchers and locks up drug dealers.",Tense,"['past', 'present']","['past', 'present']","['past', 'present']",True,[],"{
  ""Properties"": [""present""],
  ""Explanation"": ""The use of 'pardons' and 'locks up' in the same sentence creates a contrast by using different tenses to highlight the actions of the two presidents. The present tense is used to emphasize the immediacy and current relevance of the actions being described.""
}",['present'],"{
  ""Properties"": [""present"", ""past""],
  ""Explanation"": ""The statement uses present tense to describe the current actions of Trump and past tense to describe the actions of Obama, indicating a shift in perspective between the two administrations.""
}","['present', 'past']","{
  ""Properties"": [""present"", ""past""],
  ""Explanation"": ""The text uses both present tense ('pardons', 'locks up') and past tense ('pardoned', 'locked up') to compare the actions of Obama and Trump, highlighting the contrast between their approaches.""
}","['present', 'past']",0,"{
  ""Properties"": [""present"", ""past""],
  ""Explanation"": ""The sentence uses both present tense ('pardons', 'locks up') and past tense ('pardoned', 'locked up') to contrast the actions of Obama and Trump, indicating a mix of present and past actions.""
}","['present', 'past']","{
  ""Properties"": [""present"", ""past""],
  ""Explanation"": ""The sentence uses both present and past tense to compare the actions of Obama and Trump, indicating a shift in actions over time.""
}","['present', 'past']","{
  ""Properties"": [""present"", ""past""],
  ""Explanation"": ""The sentence uses both present and past tense to compare the actions of Obama and Trump, emphasizing the contrast between their actions.""
}","['present', 'past']",1,"['present', 'past']",1.0,1.0,,"['past', 'present']",progression,"{
  ""Answer"": ""yes"",
  ""Explanation"": ""The sentence 'While Obama pardoned drug dealers and locked up ranchers, Trump pardons ranchers and locks up drug dealers.' contains progression tense. The first clause uses the past tense 'pardoned' and 'locked up' to describe Obama's actions, while the second clause shifts to the present tense 'pardons' and 'locks up' to describe Trump's actions. This change in tense within the same sentence is an example of progression tense.""
}",['progression']
387,[4],"On the one hand, it could refuse to grant Trump what he wanted and let the records be released, which it knew would point to the CIA’s guilt in the assassination.",Tense,['past'],['past'],['past'],True,['past'],"{
  ""Properties"": [""past""],
  ""Explanation"": ""The example uses the past tense 'refuse' and 'let' to express actions that have already happened.""
}",['past'],"{
  ""Properties"": [""present"", ""progression""],
  ""Explanation"": ""The use of 'could refuse' (present tense) and 'let' (infinitive form) for the immediate effect and to emphasize potential actions. Also, the changing tense in the middle of the sentence ('could refuse' to 'let') creates a progression for rhetorical effect.""
}","['present', 'progression']","{
  ""Properties"": [
    ""past"",
    ""progression""
  ],
  ""Explanation"": ""The use of 'could' indicates a past possibility, and the shift from 'could' to 'knew' in the same sentence demonstrates tense progression for rhetorical effect.""
}","['past', 'progression']",0,"{
  ""Properties"": [""past"", ""progression""],
  ""Explanation"": ""The text uses the past tense 'refused' to express something that already happened, and then changes to the present tense 'let' for effect, creating a sense of progression.""
}","['past', 'progression']","{
  ""Properties"": [""past"", ""progression""],
  ""Explanation"": ""The sentence uses the past tense 'refused' and 'let' to express actions that have already happened. Additionally, it changes tense in the middle of the sentence from 'could refuse' (past) to 'would point' (future) for effect.""
}","['past', 'progression']","{
  ""Properties"": [""past"", ""progression""],
  ""Explanation"": ""The text uses the past tense 'refused' and 'released' to indicate actions that have already happened. Additionally, it switches to the past tense 'pointed' in the middle of the sentence for effect, creating a sense of progression.""
}","['past', 'progression']",1,"['past', 'progression']",1.0,0.0,,['past'],present,"{
  ""Answer"": ""no"",
  ""Explanation"": ""The sentence provided does not contain present tense. The verbs 'could refuse,' 'grant,' 'wanted,' 'be released,' and 'knew' are all in the past or conditional tense. The sentence is discussing hypothetical or past actions rather than actions taking place right now.""
}",[]
387,[4],"On the one hand, it could refuse to grant Trump what he wanted and let the records be released, which it knew would point to the CIA’s guilt in the assassination.",Tense,['past'],['past'],['past'],True,['past'],"{
  ""Properties"": [""past""],
  ""Explanation"": ""The example uses the past tense 'refuse' and 'let' to express actions that have already happened.""
}",['past'],"{
  ""Properties"": [""present"", ""progression""],
  ""Explanation"": ""The use of 'could refuse' (present tense) and 'let' (infinitive form) for the immediate effect and to emphasize potential actions. Also, the changing tense in the middle of the sentence ('could refuse' to 'let') creates a progression for rhetorical effect.""
}","['present', 'progression']","{
  ""Properties"": [
    ""past"",
    ""progression""
  ],
  ""Explanation"": ""The use of 'could' indicates a past possibility, and the shift from 'could' to 'knew' in the same sentence demonstrates tense progression for rhetorical effect.""
}","['past', 'progression']",0,"{
  ""Properties"": [""past"", ""progression""],
  ""Explanation"": ""The text uses the past tense 'refused' to express something that already happened, and then changes to the present tense 'let' for effect, creating a sense of progression.""
}","['past', 'progression']","{
  ""Properties"": [""past"", ""progression""],
  ""Explanation"": ""The sentence uses the past tense 'refused' and 'let' to express actions that have already happened. Additionally, it changes tense in the middle of the sentence from 'could refuse' (past) to 'would point' (future) for effect.""
}","['past', 'progression']","{
  ""Properties"": [""past"", ""progression""],
  ""Explanation"": ""The text uses the past tense 'refused' and 'released' to indicate actions that have already happened. Additionally, it switches to the past tense 'pointed' in the middle of the sentence for effect, creating a sense of progression.""
}","['past', 'progression']",1,"['past', 'progression']",1.0,0.0,,['past'],past,"{
  ""Answer"": ""no"",
  ""Explanation"": ""The sentence provided does not contain a verb in the past tense. The verbs 'could refuse,' 'grant,' 'wanted,' 'be released,' and 'knew' are either in the present tense, modal form, or infinitive form. The verb 'wanted' is in the past tense, but it is part of a subordinate clause and does not indicate the main action of the sentence.""
}",[]
387,[4],"On the one hand, it could refuse to grant Trump what he wanted and let the records be released, which it knew would point to the CIA’s guilt in the assassination.",Tense,['past'],['past'],['past'],True,['past'],"{
  ""Properties"": [""past""],
  ""Explanation"": ""The example uses the past tense 'refuse' and 'let' to express actions that have already happened.""
}",['past'],"{
  ""Properties"": [""present"", ""progression""],
  ""Explanation"": ""The use of 'could refuse' (present tense) and 'let' (infinitive form) for the immediate effect and to emphasize potential actions. Also, the changing tense in the middle of the sentence ('could refuse' to 'let') creates a progression for rhetorical effect.""
}","['present', 'progression']","{
  ""Properties"": [
    ""past"",
    ""progression""
  ],
  ""Explanation"": ""The use of 'could' indicates a past possibility, and the shift from 'could' to 'knew' in the same sentence demonstrates tense progression for rhetorical effect.""
}","['past', 'progression']",0,"{
  ""Properties"": [""past"", ""progression""],
  ""Explanation"": ""The text uses the past tense 'refused' to express something that already happened, and then changes to the present tense 'let' for effect, creating a sense of progression.""
}","['past', 'progression']","{
  ""Properties"": [""past"", ""progression""],
  ""Explanation"": ""The sentence uses the past tense 'refused' and 'let' to express actions that have already happened. Additionally, it changes tense in the middle of the sentence from 'could refuse' (past) to 'would point' (future) for effect.""
}","['past', 'progression']","{
  ""Properties"": [""past"", ""progression""],
  ""Explanation"": ""The text uses the past tense 'refused' and 'released' to indicate actions that have already happened. Additionally, it switches to the past tense 'pointed' in the middle of the sentence for effect, creating a sense of progression.""
}","['past', 'progression']",1,"['past', 'progression']",1.0,0.0,,['past'],future,"{
  ""Answer"": ""no"",
  ""Explanation"": ""The sentence provided does not contain a future tense verb. Instead, it uses the modal verb 'could,' which indicates possibility rather than a definite future action. The verbs 'refuse,' 'grant,' 'let,' 'be released,' and 'knew' are not in the future tense.""
}",[]
387,[4],"On the one hand, it could refuse to grant Trump what he wanted and let the records be released, which it knew would point to the CIA’s guilt in the assassination.",Tense,['past'],['past'],['past'],True,['past'],"{
  ""Properties"": [""past""],
  ""Explanation"": ""The example uses the past tense 'refuse' and 'let' to express actions that have already happened.""
}",['past'],"{
  ""Properties"": [""present"", ""progression""],
  ""Explanation"": ""The use of 'could refuse' (present tense) and 'let' (infinitive form) for the immediate effect and to emphasize potential actions. Also, the changing tense in the middle of the sentence ('could refuse' to 'let') creates a progression for rhetorical effect.""
}","['present', 'progression']","{
  ""Properties"": [
    ""past"",
    ""progression""
  ],
  ""Explanation"": ""The use of 'could' indicates a past possibility, and the shift from 'could' to 'knew' in the same sentence demonstrates tense progression for rhetorical effect.""
}","['past', 'progression']",0,"{
  ""Properties"": [""past"", ""progression""],
  ""Explanation"": ""The text uses the past tense 'refused' to express something that already happened, and then changes to the present tense 'let' for effect, creating a sense of progression.""
}","['past', 'progression']","{
  ""Properties"": [""past"", ""progression""],
  ""Explanation"": ""The sentence uses the past tense 'refused' and 'let' to express actions that have already happened. Additionally, it changes tense in the middle of the sentence from 'could refuse' (past) to 'would point' (future) for effect.""
}","['past', 'progression']","{
  ""Properties"": [""past"", ""progression""],
  ""Explanation"": ""The text uses the past tense 'refused' and 'released' to indicate actions that have already happened. Additionally, it switches to the past tense 'pointed' in the middle of the sentence for effect, creating a sense of progression.""
}","['past', 'progression']",1,"['past', 'progression']",1.0,0.0,,['past'],progression,"{
  ""Answer"": ""no"",
  ""Explanation"": ""The sentence does not contain progression tense. The entire sentence is in the past tense ('could refuse,' 'wanted,' 'knew,' 'would point'). There is no shift to a different tense within the sentence.""
}",[]
405,[5 4 8 8 9],"So, according to Faggioli, the same Pope who sacks conservative bishops and cardinals according to his pleasure and has just removed a cardinal from the College of Cardinals in an unprecedented disciplinary act under fire from the media, is somehow powerless to dismiss Modernist bishops who have created an obscene “gay culture” in the Church and replace them with orthodox, normal heterosexual males.",Tense,['present'],['present'],['present'],True,"['past', 'present']","{
  ""Properties"": [""past""],
  ""Explanation"": ""The example uses the past tense to describe actions that have already occurred, such as 'sacks', 'has just removed', and 'have created'.""
}",['past'],"{
  ""Properties"": [""present"", ""past""],
  ""Explanation"": ""The text uses present tense 'sacks', 'has just removed' for immediacy effect and past tense 'removed' for expressing something that already happened.""
}","['present', 'past']","{
  ""Properties"": [""present"", ""progression""],
  ""Explanation"": ""The text uses the present tense to emphasize the actions of the Pope, and there is a change in tense from past to present for rhetorical effect.""
}","['present', 'progression']",0,"{
  ""Properties"": [""present"", ""past""],
  ""Explanation"": ""The text uses the present tense to describe ongoing actions ('sacks', 'has just removed') and the past tense to describe actions that have already happened ('removed', 'created').""
}","['present', 'past']","{
  ""Properties"": [""present"", ""progression""],
  ""Explanation"": ""The text uses the present tense to emphasize the ongoing actions and situations, and also switches to the past tense ('has just removed') in the middle of the sentence for effect.""
}","['present', 'progression']","{
  ""Properties"": [""present"", ""progression""],
  ""Explanation"": ""The use of present tense in 'sacks', 'has just removed' and 'is' creates immediacy and emphasizes the ongoing nature of the actions. Additionally, the change from past tense 'removed' to present tense 'is' in the middle of the sentence creates a progression effect for rhetorical emphasis.""
}","['present', 'progression']",0,"['present', 'progression']",0.0,0.0,,"['past', 'present']",present,"{
  ""Answer"": ""yes"",
  ""Explanation"": ""The sentence contains present tense verbs. Specifically, the verbs 'sacks' and 'is' are in the present tense. 'Sacks' refers to the Pope's current actions, and 'is' indicates the current state of being powerless.""
}",['present']
405,[5 4 8 8 9],"So, according to Faggioli, the same Pope who sacks conservative bishops and cardinals according to his pleasure and has just removed a cardinal from the College of Cardinals in an unprecedented disciplinary act under fire from the media, is somehow powerless to dismiss Modernist bishops who have created an obscene “gay culture” in the Church and replace them with orthodox, normal heterosexual males.",Tense,['present'],['present'],['present'],True,"['past', 'present']","{
  ""Properties"": [""past""],
  ""Explanation"": ""The example uses the past tense to describe actions that have already occurred, such as 'sacks', 'has just removed', and 'have created'.""
}",['past'],"{
  ""Properties"": [""present"", ""past""],
  ""Explanation"": ""The text uses present tense 'sacks', 'has just removed' for immediacy effect and past tense 'removed' for expressing something that already happened.""
}","['present', 'past']","{
  ""Properties"": [""present"", ""progression""],
  ""Explanation"": ""The text uses the present tense to emphasize the actions of the Pope, and there is a change in tense from past to present for rhetorical effect.""
}","['present', 'progression']",0,"{
  ""Properties"": [""present"", ""past""],
  ""Explanation"": ""The text uses the present tense to describe ongoing actions ('sacks', 'has just removed') and the past tense to describe actions that have already happened ('removed', 'created').""
}","['present', 'past']","{
  ""Properties"": [""present"", ""progression""],
  ""Explanation"": ""The text uses the present tense to emphasize the ongoing actions and situations, and also switches to the past tense ('has just removed') in the middle of the sentence for effect.""
}","['present', 'progression']","{
  ""Properties"": [""present"", ""progression""],
  ""Explanation"": ""The use of present tense in 'sacks', 'has just removed' and 'is' creates immediacy and emphasizes the ongoing nature of the actions. Additionally, the change from past tense 'removed' to present tense 'is' in the middle of the sentence creates a progression effect for rhetorical emphasis.""
}","['present', 'progression']",0,"['present', 'progression']",0.0,0.0,,"['past', 'present']",past,"{
  ""Answer"": ""yes"",
  ""Explanation"": ""The sentence contains the phrase 'has just removed,' which is in the present perfect tense. The present perfect tense is used to describe actions that have been completed at some point in the past but are relevant to the present. Although it is not strictly the simple past tense, it does express an action that has already happened, which aligns with the broader definition of past tense.""
}",['past']
405,[5 4 8 8 9],"So, according to Faggioli, the same Pope who sacks conservative bishops and cardinals according to his pleasure and has just removed a cardinal from the College of Cardinals in an unprecedented disciplinary act under fire from the media, is somehow powerless to dismiss Modernist bishops who have created an obscene “gay culture” in the Church and replace them with orthodox, normal heterosexual males.",Tense,['present'],['present'],['present'],True,"['past', 'present']","{
  ""Properties"": [""past""],
  ""Explanation"": ""The example uses the past tense to describe actions that have already occurred, such as 'sacks', 'has just removed', and 'have created'.""
}",['past'],"{
  ""Properties"": [""present"", ""past""],
  ""Explanation"": ""The text uses present tense 'sacks', 'has just removed' for immediacy effect and past tense 'removed' for expressing something that already happened.""
}","['present', 'past']","{
  ""Properties"": [""present"", ""progression""],
  ""Explanation"": ""The text uses the present tense to emphasize the actions of the Pope, and there is a change in tense from past to present for rhetorical effect.""
}","['present', 'progression']",0,"{
  ""Properties"": [""present"", ""past""],
  ""Explanation"": ""The text uses the present tense to describe ongoing actions ('sacks', 'has just removed') and the past tense to describe actions that have already happened ('removed', 'created').""
}","['present', 'past']","{
  ""Properties"": [""present"", ""progression""],
  ""Explanation"": ""The text uses the present tense to emphasize the ongoing actions and situations, and also switches to the past tense ('has just removed') in the middle of the sentence for effect.""
}","['present', 'progression']","{
  ""Properties"": [""present"", ""progression""],
  ""Explanation"": ""The use of present tense in 'sacks', 'has just removed' and 'is' creates immediacy and emphasizes the ongoing nature of the actions. Additionally, the change from past tense 'removed' to present tense 'is' in the middle of the sentence creates a progression effect for rhetorical emphasis.""
}","['present', 'progression']",0,"['present', 'progression']",0.0,0.0,,"['past', 'present']",future,"{
  ""Answer"": ""no"",
  ""Explanation"": ""The sentence provided does not contain any verbs in the future tense. It describes actions and states using the present tense ('sacks', 'has just removed', 'is somehow powerless') and does not indicate any actions that are yet to happen.""
}",[]
405,[5 4 8 8 9],"So, according to Faggioli, the same Pope who sacks conservative bishops and cardinals according to his pleasure and has just removed a cardinal from the College of Cardinals in an unprecedented disciplinary act under fire from the media, is somehow powerless to dismiss Modernist bishops who have created an obscene “gay culture” in the Church and replace them with orthodox, normal heterosexual males.",Tense,['present'],['present'],['present'],True,"['past', 'present']","{
  ""Properties"": [""past""],
  ""Explanation"": ""The example uses the past tense to describe actions that have already occurred, such as 'sacks', 'has just removed', and 'have created'.""
}",['past'],"{
  ""Properties"": [""present"", ""past""],
  ""Explanation"": ""The text uses present tense 'sacks', 'has just removed' for immediacy effect and past tense 'removed' for expressing something that already happened.""
}","['present', 'past']","{
  ""Properties"": [""present"", ""progression""],
  ""Explanation"": ""The text uses the present tense to emphasize the actions of the Pope, and there is a change in tense from past to present for rhetorical effect.""
}","['present', 'progression']",0,"{
  ""Properties"": [""present"", ""past""],
  ""Explanation"": ""The text uses the present tense to describe ongoing actions ('sacks', 'has just removed') and the past tense to describe actions that have already happened ('removed', 'created').""
}","['present', 'past']","{
  ""Properties"": [""present"", ""progression""],
  ""Explanation"": ""The text uses the present tense to emphasize the ongoing actions and situations, and also switches to the past tense ('has just removed') in the middle of the sentence for effect.""
}","['present', 'progression']","{
  ""Properties"": [""present"", ""progression""],
  ""Explanation"": ""The use of present tense in 'sacks', 'has just removed' and 'is' creates immediacy and emphasizes the ongoing nature of the actions. Additionally, the change from past tense 'removed' to present tense 'is' in the middle of the sentence creates a progression effect for rhetorical emphasis.""
}","['present', 'progression']",0,"['present', 'progression']",0.0,0.0,,"['past', 'present']",progression,"{
  ""Answer"": ""no"",
  ""Explanation"": ""The sentence does not contain progression tense. It maintains a consistent tense throughout, specifically the present tense. The verbs 'sacks,' 'has just removed,' 'is,' 'have created,' and 'replace' are all in the present tense, indicating that the actions are either ongoing or have immediate relevance. There is no shift to a different tense for effect within the sentence.""
}",[]
514,[5 7],"Instead of preaching out against sin, they advocate for that which God clearly condemns, thereby making war against God (Micah 3:5), which at length destroys our government, our country and our families.",Tense,['present'],['present'],['present'],True,"['past', 'present']","{
  ""Properties"": [""present"", ""progression""],
  ""Explanation"": ""The use of 'advocate' and 'condemns' in the present tense emphasizes the ongoing nature of the action. Additionally, the switch from 'advocate' to 'condemns' in the middle of the sentence creates a tense progression for effect.""
}","['present', 'progression']","{
  ""Properties"": [""present"", ""progression"", ""future""],
  ""Explanation"": ""The passage uses the present tense ('advocate', 'condemns') for immediacy effect and uses a change in tense from present to future ('destroys') for progression and effect.""
}","['present', 'progression', 'future']","{
  ""Properties"": [""present"", ""progression""],
  ""Explanation"": ""The use of 'advocate' and 'destroys' in the same sentence creates a progression in tense, with 'advocate' in present tense and 'destroys' in future tense.""
}","['present', 'progression']",0,"{
  ""Properties"": [""present"", ""progression""],
  ""Explanation"": ""The use of 'advocate' and 'condemns' in the present tense creates immediacy and emphasis. The change in tense from 'advocate' to 'condemns' in the middle of the sentence adds a progression effect.""
}","['present', 'progression']","{
  ""Properties"": [""present"", ""progression""],
  ""Explanation"": ""The use of 'advocate' and 'condemns' in the present tense emphasizes the ongoing nature of the action. Additionally, the shift from 'advocate' (present) to 'destroys' (future) creates a sense of progression in the sentence.""
}","['present', 'progression']","{
  ""Properties"": [""present"", ""progression""],
  ""Explanation"": ""The use of 'preaching' and 'advocate' in the present tense emphasizes the ongoing nature of the actions. Additionally, the change from 'preaching' (past tense) to 'advocate' (present tense) in the middle of the sentence creates a sense of progression.""
}","['present', 'progression']",1,"['present', 'progression']",1.0,0.0,,['present'],present,"{
  ""Answer"": ""yes"",
  ""Explanation"": ""The sentence contains present tense verbs such as 'advocate' and 'condemns'. These verbs express actions that are taking place right now.""
}",['present']
514,[5 7],"Instead of preaching out against sin, they advocate for that which God clearly condemns, thereby making war against God (Micah 3:5), which at length destroys our government, our country and our families.",Tense,['present'],['present'],['present'],True,"['past', 'present']","{
  ""Properties"": [""present"", ""progression""],
  ""Explanation"": ""The use of 'advocate' and 'condemns' in the present tense emphasizes the ongoing nature of the action. Additionally, the switch from 'advocate' to 'condemns' in the middle of the sentence creates a tense progression for effect.""
}","['present', 'progression']","{
  ""Properties"": [""present"", ""progression"", ""future""],
  ""Explanation"": ""The passage uses the present tense ('advocate', 'condemns') for immediacy effect and uses a change in tense from present to future ('destroys') for progression and effect.""
}","['present', 'progression', 'future']","{
  ""Properties"": [""present"", ""progression""],
  ""Explanation"": ""The use of 'advocate' and 'destroys' in the same sentence creates a progression in tense, with 'advocate' in present tense and 'destroys' in future tense.""
}","['present', 'progression']",0,"{
  ""Properties"": [""present"", ""progression""],
  ""Explanation"": ""The use of 'advocate' and 'condemns' in the present tense creates immediacy and emphasis. The change in tense from 'advocate' to 'condemns' in the middle of the sentence adds a progression effect.""
}","['present', 'progression']","{
  ""Properties"": [""present"", ""progression""],
  ""Explanation"": ""The use of 'advocate' and 'condemns' in the present tense emphasizes the ongoing nature of the action. Additionally, the shift from 'advocate' (present) to 'destroys' (future) creates a sense of progression in the sentence.""
}","['present', 'progression']","{
  ""Properties"": [""present"", ""progression""],
  ""Explanation"": ""The use of 'preaching' and 'advocate' in the present tense emphasizes the ongoing nature of the actions. Additionally, the change from 'preaching' (past tense) to 'advocate' (present tense) in the middle of the sentence creates a sense of progression.""
}","['present', 'progression']",1,"['present', 'progression']",1.0,0.0,,['present'],past,"{
  ""Answer"": ""no"",
  ""Explanation"": ""The sentence provided does not contain any verbs in the past tense. The verbs 'preaching,' 'advocate,' 'condemns,' 'making,' and 'destroys' are either in the present tense or present participle form. Therefore, the sentence does not express any action that has already happened.""
}",[]
514,[5 7],"Instead of preaching out against sin, they advocate for that which God clearly condemns, thereby making war against God (Micah 3:5), which at length destroys our government, our country and our families.",Tense,['present'],['present'],['present'],True,"['past', 'present']","{
  ""Properties"": [""present"", ""progression""],
  ""Explanation"": ""The use of 'advocate' and 'condemns' in the present tense emphasizes the ongoing nature of the action. Additionally, the switch from 'advocate' to 'condemns' in the middle of the sentence creates a tense progression for effect.""
}","['present', 'progression']","{
  ""Properties"": [""present"", ""progression"", ""future""],
  ""Explanation"": ""The passage uses the present tense ('advocate', 'condemns') for immediacy effect and uses a change in tense from present to future ('destroys') for progression and effect.""
}","['present', 'progression', 'future']","{
  ""Properties"": [""present"", ""progression""],
  ""Explanation"": ""The use of 'advocate' and 'destroys' in the same sentence creates a progression in tense, with 'advocate' in present tense and 'destroys' in future tense.""
}","['present', 'progression']",0,"{
  ""Properties"": [""present"", ""progression""],
  ""Explanation"": ""The use of 'advocate' and 'condemns' in the present tense creates immediacy and emphasis. The change in tense from 'advocate' to 'condemns' in the middle of the sentence adds a progression effect.""
}","['present', 'progression']","{
  ""Properties"": [""present"", ""progression""],
  ""Explanation"": ""The use of 'advocate' and 'condemns' in the present tense emphasizes the ongoing nature of the action. Additionally, the shift from 'advocate' (present) to 'destroys' (future) creates a sense of progression in the sentence.""
}","['present', 'progression']","{
  ""Properties"": [""present"", ""progression""],
  ""Explanation"": ""The use of 'preaching' and 'advocate' in the present tense emphasizes the ongoing nature of the actions. Additionally, the change from 'preaching' (past tense) to 'advocate' (present tense) in the middle of the sentence creates a sense of progression.""
}","['present', 'progression']",1,"['present', 'progression']",1.0,0.0,,['present'],future,"{
  ""Answer"": ""no"",
  ""Explanation"": ""The sentence provided does not contain any verbs in the future tense. It describes actions and consequences in the present tense ('advocate', 'condemns', 'making', 'destroys'). There are no indications of actions that are yet to happen.""
}",[]
514,[5 7],"Instead of preaching out against sin, they advocate for that which God clearly condemns, thereby making war against God (Micah 3:5), which at length destroys our government, our country and our families.",Tense,['present'],['present'],['present'],True,"['past', 'present']","{
  ""Properties"": [""present"", ""progression""],
  ""Explanation"": ""The use of 'advocate' and 'condemns' in the present tense emphasizes the ongoing nature of the action. Additionally, the switch from 'advocate' to 'condemns' in the middle of the sentence creates a tense progression for effect.""
}","['present', 'progression']","{
  ""Properties"": [""present"", ""progression"", ""future""],
  ""Explanation"": ""The passage uses the present tense ('advocate', 'condemns') for immediacy effect and uses a change in tense from present to future ('destroys') for progression and effect.""
}","['present', 'progression', 'future']","{
  ""Properties"": [""present"", ""progression""],
  ""Explanation"": ""The use of 'advocate' and 'destroys' in the same sentence creates a progression in tense, with 'advocate' in present tense and 'destroys' in future tense.""
}","['present', 'progression']",0,"{
  ""Properties"": [""present"", ""progression""],
  ""Explanation"": ""The use of 'advocate' and 'condemns' in the present tense creates immediacy and emphasis. The change in tense from 'advocate' to 'condemns' in the middle of the sentence adds a progression effect.""
}","['present', 'progression']","{
  ""Properties"": [""present"", ""progression""],
  ""Explanation"": ""The use of 'advocate' and 'condemns' in the present tense emphasizes the ongoing nature of the action. Additionally, the shift from 'advocate' (present) to 'destroys' (future) creates a sense of progression in the sentence.""
}","['present', 'progression']","{
  ""Properties"": [""present"", ""progression""],
  ""Explanation"": ""The use of 'preaching' and 'advocate' in the present tense emphasizes the ongoing nature of the actions. Additionally, the change from 'preaching' (past tense) to 'advocate' (present tense) in the middle of the sentence creates a sense of progression.""
}","['present', 'progression']",1,"['present', 'progression']",1.0,0.0,,['present'],progression,"{
  ""Answer"": ""no"",
  ""Explanation"": ""The sentence does not contain progression tense. It maintains a consistent tense throughout, using the present tense to describe the actions and their consequences. There is no shift in tense for effect within the sentence.""
}",[]
748,[5 9],"Rather than being the reason for the Guardian violating basic journalistic standards and ethics, the paper’s hatred of Assange is a symptom of a deeper malaise in the Guardian and the wider corporate media.",Tense,['present'],['present'],['present'],True,['past'],"{
  ""Properties"": [""present""],
  ""Explanation"": ""The text uses the present tense to emphasize an ongoing situation, indicating that the Guardian's violation of standards is still relevant.""
}",['present'],"{
  ""Properties"": [""present"", ""progression""],
  ""Explanation"": ""The use of 'is' and 'hatred' indicates a present tense, and the shift from 'being' to 'is' in the sentence creates a progression, emphasizing the point being made.""
}","['present', 'progression']","{
  ""Properties"": [""present"", ""progression""],
  ""Explanation"": ""The use of 'is' and 'hatred' demonstrates the use of present tense for immediacy effect, while the change from 'being' (present progressive) to 'is' (present simple) in the same sentence creates a progression in tense for rhetorical effect.""
}","['present', 'progression']",0,"{
  ""Properties"": [""present"", ""progression""],
  ""Explanation"": ""The use of 'is' in 'the paper’s hatred of Assange is' indicates present tense, and the change from 'being' to 'is' in the middle of the sentence creates a progression effect.""
}","['present', 'progression']","{
  ""Properties"": [""present"", ""progression""],
  ""Explanation"": ""The use of 'is' in 'the paper’s hatred of Assange is' indicates the present tense, and the change from 'being' to 'is' in the middle of the sentence creates a progression effect.""
}","['present', 'progression']","{
  ""Properties"": [""present"", ""progression""],
  ""Explanation"": ""The use of 'is' in 'the paper’s hatred of Assange is' indicates the present tense, while the shift from 'being' to 'is' in the sentence demonstrates the use of tense progression for effect.""
}","['present', 'progression']",1,"['present', 'progression']",1.0,0.0,,['past'],present,"{
  ""Answer"": ""no"",
  ""Explanation"": ""The sentence provided does not contain any verbs in the present tense. The verbs 'being' and 'violating' are in the present participle form, and 'is' is in the present tense, but it is used in a context that does not express an action taking place right now. The sentence is more descriptive and analytical rather than indicating an immediate action.""
}",[]
748,[5 9],"Rather than being the reason for the Guardian violating basic journalistic standards and ethics, the paper’s hatred of Assange is a symptom of a deeper malaise in the Guardian and the wider corporate media.",Tense,['present'],['present'],['present'],True,['past'],"{
  ""Properties"": [""present""],
  ""Explanation"": ""The text uses the present tense to emphasize an ongoing situation, indicating that the Guardian's violation of standards is still relevant.""
}",['present'],"{
  ""Properties"": [""present"", ""progression""],
  ""Explanation"": ""The use of 'is' and 'hatred' indicates a present tense, and the shift from 'being' to 'is' in the sentence creates a progression, emphasizing the point being made.""
}","['present', 'progression']","{
  ""Properties"": [""present"", ""progression""],
  ""Explanation"": ""The use of 'is' and 'hatred' demonstrates the use of present tense for immediacy effect, while the change from 'being' (present progressive) to 'is' (present simple) in the same sentence creates a progression in tense for rhetorical effect.""
}","['present', 'progression']",0,"{
  ""Properties"": [""present"", ""progression""],
  ""Explanation"": ""The use of 'is' in 'the paper’s hatred of Assange is' indicates present tense, and the change from 'being' to 'is' in the middle of the sentence creates a progression effect.""
}","['present', 'progression']","{
  ""Properties"": [""present"", ""progression""],
  ""Explanation"": ""The use of 'is' in 'the paper’s hatred of Assange is' indicates the present tense, and the change from 'being' to 'is' in the middle of the sentence creates a progression effect.""
}","['present', 'progression']","{
  ""Properties"": [""present"", ""progression""],
  ""Explanation"": ""The use of 'is' in 'the paper’s hatred of Assange is' indicates the present tense, while the shift from 'being' to 'is' in the sentence demonstrates the use of tense progression for effect.""
}","['present', 'progression']",1,"['present', 'progression']",1.0,0.0,,['past'],past,"{
  ""Answer"": ""no"",
  ""Explanation"": ""The sentence provided does not contain any verbs in the past tense. The verbs 'being' and 'is' are in the present tense. The sentence discusses a current state or condition rather than an action that has already happened.""
}",[]
748,[5 9],"Rather than being the reason for the Guardian violating basic journalistic standards and ethics, the paper’s hatred of Assange is a symptom of a deeper malaise in the Guardian and the wider corporate media.",Tense,['present'],['present'],['present'],True,['past'],"{
  ""Properties"": [""present""],
  ""Explanation"": ""The text uses the present tense to emphasize an ongoing situation, indicating that the Guardian's violation of standards is still relevant.""
}",['present'],"{
  ""Properties"": [""present"", ""progression""],
  ""Explanation"": ""The use of 'is' and 'hatred' indicates a present tense, and the shift from 'being' to 'is' in the sentence creates a progression, emphasizing the point being made.""
}","['present', 'progression']","{
  ""Properties"": [""present"", ""progression""],
  ""Explanation"": ""The use of 'is' and 'hatred' demonstrates the use of present tense for immediacy effect, while the change from 'being' (present progressive) to 'is' (present simple) in the same sentence creates a progression in tense for rhetorical effect.""
}","['present', 'progression']",0,"{
  ""Properties"": [""present"", ""progression""],
  ""Explanation"": ""The use of 'is' in 'the paper’s hatred of Assange is' indicates present tense, and the change from 'being' to 'is' in the middle of the sentence creates a progression effect.""
}","['present', 'progression']","{
  ""Properties"": [""present"", ""progression""],
  ""Explanation"": ""The use of 'is' in 'the paper’s hatred of Assange is' indicates the present tense, and the change from 'being' to 'is' in the middle of the sentence creates a progression effect.""
}","['present', 'progression']","{
  ""Properties"": [""present"", ""progression""],
  ""Explanation"": ""The use of 'is' in 'the paper’s hatred of Assange is' indicates the present tense, while the shift from 'being' to 'is' in the sentence demonstrates the use of tense progression for effect.""
}","['present', 'progression']",1,"['present', 'progression']",1.0,0.0,,['past'],future,"{
  ""Answer"": ""no"",
  ""Explanation"": ""The sentence provided does not contain a future tense verb. It describes a current state or condition ('is a symptom') and past actions ('violating basic journalistic standards and ethics'). There is no indication of an action that has yet to happen.""
}",[]
748,[5 9],"Rather than being the reason for the Guardian violating basic journalistic standards and ethics, the paper’s hatred of Assange is a symptom of a deeper malaise in the Guardian and the wider corporate media.",Tense,['present'],['present'],['present'],True,['past'],"{
  ""Properties"": [""present""],
  ""Explanation"": ""The text uses the present tense to emphasize an ongoing situation, indicating that the Guardian's violation of standards is still relevant.""
}",['present'],"{
  ""Properties"": [""present"", ""progression""],
  ""Explanation"": ""The use of 'is' and 'hatred' indicates a present tense, and the shift from 'being' to 'is' in the sentence creates a progression, emphasizing the point being made.""
}","['present', 'progression']","{
  ""Properties"": [""present"", ""progression""],
  ""Explanation"": ""The use of 'is' and 'hatred' demonstrates the use of present tense for immediacy effect, while the change from 'being' (present progressive) to 'is' (present simple) in the same sentence creates a progression in tense for rhetorical effect.""
}","['present', 'progression']",0,"{
  ""Properties"": [""present"", ""progression""],
  ""Explanation"": ""The use of 'is' in 'the paper’s hatred of Assange is' indicates present tense, and the change from 'being' to 'is' in the middle of the sentence creates a progression effect.""
}","['present', 'progression']","{
  ""Properties"": [""present"", ""progression""],
  ""Explanation"": ""The use of 'is' in 'the paper’s hatred of Assange is' indicates the present tense, and the change from 'being' to 'is' in the middle of the sentence creates a progression effect.""
}","['present', 'progression']","{
  ""Properties"": [""present"", ""progression""],
  ""Explanation"": ""The use of 'is' in 'the paper’s hatred of Assange is' indicates the present tense, while the shift from 'being' to 'is' in the sentence demonstrates the use of tense progression for effect.""
}","['present', 'progression']",1,"['present', 'progression']",1.0,0.0,,['past'],progression,"{
  ""Answer"": ""no"",
  ""Explanation"": ""The sentence does not contain progression tense. It maintains a consistent tense throughout, using the present tense to describe the Guardian's hatred of Assange as a symptom of a deeper malaise. There is no shift in tense within the sentence.""
}",[]
1194,[6 9],"Julian Assange called it ""a hack job in the purest sense of the term"".",Tense,['past'],['past'],['past'],True,[],"{
  ""Properties"": [""present""],
  ""Explanation"": ""The use of 'called' indicates the present tense, which is often used in headlines for immediacy effect or to emphasize an action.""
}",['present'],"{
  ""Properties"": [""past""],
  ""Explanation"": ""The use of the past tense 'called' indicates that the action has already taken place.""
}",['past'],"{
    ""Properties"": [""past""],
    ""Explanation"": ""The sentence uses the past tense to describe an action that has already occurred ('called').""
}",['past'],0,"{
  ""Properties"": [""present""],
  ""Explanation"": ""The use of 'called' indicates the present tense, which is often used in headlines for immediacy effect or to emphasize an action.""
}",['present'],"{
  ""Properties"": [""present""],
  ""Explanation"": ""The use of 'called' indicates the present tense, which is often used in headlines for immediacy effect or to emphasize an action.""
}",['present'],"{
  ""Properties"": [""present""],
  ""Explanation"": ""The use of 'called' indicates the present tense, which is often used in headlines for immediacy effect or to emphasize an action.""
}",['present'],1,['present'],1.0,0.0,,['past'],present,"{
  ""Answer"": ""no"",
  ""Explanation"": ""The sentence 'Julian Assange called it \""a hack job in the purest sense of the term\"".' uses the past tense verb 'called'. This indicates that the action took place in the past, not in the present.""
}",[]
1194,[6 9],"Julian Assange called it ""a hack job in the purest sense of the term"".",Tense,['past'],['past'],['past'],True,[],"{
  ""Properties"": [""present""],
  ""Explanation"": ""The use of 'called' indicates the present tense, which is often used in headlines for immediacy effect or to emphasize an action.""
}",['present'],"{
  ""Properties"": [""past""],
  ""Explanation"": ""The use of the past tense 'called' indicates that the action has already taken place.""
}",['past'],"{
    ""Properties"": [""past""],
    ""Explanation"": ""The sentence uses the past tense to describe an action that has already occurred ('called').""
}",['past'],0,"{
  ""Properties"": [""present""],
  ""Explanation"": ""The use of 'called' indicates the present tense, which is often used in headlines for immediacy effect or to emphasize an action.""
}",['present'],"{
  ""Properties"": [""present""],
  ""Explanation"": ""The use of 'called' indicates the present tense, which is often used in headlines for immediacy effect or to emphasize an action.""
}",['present'],"{
  ""Properties"": [""present""],
  ""Explanation"": ""The use of 'called' indicates the present tense, which is often used in headlines for immediacy effect or to emphasize an action.""
}",['present'],1,['present'],1.0,0.0,,['past'],past,"{
  ""Answer"": ""yes"",
  ""Explanation"": ""The sentence contains the past tense verb 'called', which indicates that the action of calling happened in the past. Therefore, the sentence is in the past tense.""
}",['past']
1194,[6 9],"Julian Assange called it ""a hack job in the purest sense of the term"".",Tense,['past'],['past'],['past'],True,[],"{
  ""Properties"": [""present""],
  ""Explanation"": ""The use of 'called' indicates the present tense, which is often used in headlines for immediacy effect or to emphasize an action.""
}",['present'],"{
  ""Properties"": [""past""],
  ""Explanation"": ""The use of the past tense 'called' indicates that the action has already taken place.""
}",['past'],"{
    ""Properties"": [""past""],
    ""Explanation"": ""The sentence uses the past tense to describe an action that has already occurred ('called').""
}",['past'],0,"{
  ""Properties"": [""present""],
  ""Explanation"": ""The use of 'called' indicates the present tense, which is often used in headlines for immediacy effect or to emphasize an action.""
}",['present'],"{
  ""Properties"": [""present""],
  ""Explanation"": ""The use of 'called' indicates the present tense, which is often used in headlines for immediacy effect or to emphasize an action.""
}",['present'],"{
  ""Properties"": [""present""],
  ""Explanation"": ""The use of 'called' indicates the present tense, which is often used in headlines for immediacy effect or to emphasize an action.""
}",['present'],1,['present'],1.0,0.0,,['past'],future,"{
  ""Answer"": ""no"",
  ""Explanation"": ""The sentence 'Julian Assange called it \""a hack job in the purest sense of the term\""' is in the past tense, as indicated by the verb 'called'. There is no indication of a future action in this sentence.""
}",[]
1194,[6 9],"Julian Assange called it ""a hack job in the purest sense of the term"".",Tense,['past'],['past'],['past'],True,[],"{
  ""Properties"": [""present""],
  ""Explanation"": ""The use of 'called' indicates the present tense, which is often used in headlines for immediacy effect or to emphasize an action.""
}",['present'],"{
  ""Properties"": [""past""],
  ""Explanation"": ""The use of the past tense 'called' indicates that the action has already taken place.""
}",['past'],"{
    ""Properties"": [""past""],
    ""Explanation"": ""The sentence uses the past tense to describe an action that has already occurred ('called').""
}",['past'],0,"{
  ""Properties"": [""present""],
  ""Explanation"": ""The use of 'called' indicates the present tense, which is often used in headlines for immediacy effect or to emphasize an action.""
}",['present'],"{
  ""Properties"": [""present""],
  ""Explanation"": ""The use of 'called' indicates the present tense, which is often used in headlines for immediacy effect or to emphasize an action.""
}",['present'],"{
  ""Properties"": [""present""],
  ""Explanation"": ""The use of 'called' indicates the present tense, which is often used in headlines for immediacy effect or to emphasize an action.""
}",['present'],1,['present'],1.0,0.0,,['past'],progression,"{
  ""Answer"": ""no"",
  ""Explanation"": ""The sentence 'Julian Assange called it \""a hack job in the purest sense of the term\""' does not contain progression tense. The entire sentence is in the past tense, as indicated by the verb 'called'. There is no change in tense within the sentence.""
}",[]
1225,[6],Democratic Illinois Rep. Danny Davis defended Nation of Islam leader Louis Farrakhan as an “outstanding human being” on Monday.,Tense,['past'],['past'],['past'],True,['past'],"{
  ""Properties"": [""present""],
  ""Explanation"": ""The use of 'defended' and 'is' in the present tense emphasizes the immediacy of the action and the statement being made by the Illinois Rep.""
}",['present'],"{
  ""Properties"": [""present""],
  ""Explanation"": ""The use of 'defended' and 'is' indicates the present tense, creating an immediate effect in the headline.""
}",['present'],"{
  ""Properties"": [""present""],
  ""Explanation"": ""The present tense is used in the headline to emphasize the immediacy of the action being defended by Rep. Danny Davis.""
}",['present'],1,"{
  ""Properties"": [""present""],
  ""Explanation"": ""The use of 'defended' in the present tense emphasizes the immediacy of the action and its relevance to the current moment.""
}",['present'],"{
  ""Properties"": [""present""],
  ""Explanation"": ""The use of 'defended' in the present tense emphasizes the immediacy of the action and its relevance to the current moment.""
}",['present'],"{
  ""Properties"": [""present""],
  ""Explanation"": ""The use of 'defended' in the present tense emphasizes the immediacy of the action and its relevance to the current moment.""
}",['present'],1,['present'],1.0,1.0,,['present'],present,"{
  ""Answer"": ""no"",
  ""Explanation"": ""The sentence 'Democratic Illinois Rep. Danny Davis defended Nation of Islam leader Louis Farrakhan as an “outstanding human being” on Monday.' is in the past tense. The verb 'defended' indicates that the action took place in the past, not in the present.""
}",[]
1225,[6],Democratic Illinois Rep. Danny Davis defended Nation of Islam leader Louis Farrakhan as an “outstanding human being” on Monday.,Tense,['past'],['past'],['past'],True,['past'],"{
  ""Properties"": [""present""],
  ""Explanation"": ""The use of 'defended' and 'is' in the present tense emphasizes the immediacy of the action and the statement being made by the Illinois Rep.""
}",['present'],"{
  ""Properties"": [""present""],
  ""Explanation"": ""The use of 'defended' and 'is' indicates the present tense, creating an immediate effect in the headline.""
}",['present'],"{
  ""Properties"": [""present""],
  ""Explanation"": ""The present tense is used in the headline to emphasize the immediacy of the action being defended by Rep. Danny Davis.""
}",['present'],1,"{
  ""Properties"": [""present""],
  ""Explanation"": ""The use of 'defended' in the present tense emphasizes the immediacy of the action and its relevance to the current moment.""
}",['present'],"{
  ""Properties"": [""present""],
  ""Explanation"": ""The use of 'defended' in the present tense emphasizes the immediacy of the action and its relevance to the current moment.""
}",['present'],"{
  ""Properties"": [""present""],
  ""Explanation"": ""The use of 'defended' in the present tense emphasizes the immediacy of the action and its relevance to the current moment.""
}",['present'],1,['present'],1.0,1.0,,['present'],past,"{
  ""Answer"": ""yes"",
  ""Explanation"": ""The sentence contains the past tense verb 'defended,' which indicates that the action of defending happened in the past. The phrase 'on Monday' further specifies the time when the action took place, reinforcing that it is in the past.""
}",['past']
1225,[6],Democratic Illinois Rep. Danny Davis defended Nation of Islam leader Louis Farrakhan as an “outstanding human being” on Monday.,Tense,['past'],['past'],['past'],True,['past'],"{
  ""Properties"": [""present""],
  ""Explanation"": ""The use of 'defended' and 'is' in the present tense emphasizes the immediacy of the action and the statement being made by the Illinois Rep.""
}",['present'],"{
  ""Properties"": [""present""],
  ""Explanation"": ""The use of 'defended' and 'is' indicates the present tense, creating an immediate effect in the headline.""
}",['present'],"{
  ""Properties"": [""present""],
  ""Explanation"": ""The present tense is used in the headline to emphasize the immediacy of the action being defended by Rep. Danny Davis.""
}",['present'],1,"{
  ""Properties"": [""present""],
  ""Explanation"": ""The use of 'defended' in the present tense emphasizes the immediacy of the action and its relevance to the current moment.""
}",['present'],"{
  ""Properties"": [""present""],
  ""Explanation"": ""The use of 'defended' in the present tense emphasizes the immediacy of the action and its relevance to the current moment.""
}",['present'],"{
  ""Properties"": [""present""],
  ""Explanation"": ""The use of 'defended' in the present tense emphasizes the immediacy of the action and its relevance to the current moment.""
}",['present'],1,['present'],1.0,1.0,,['present'],future,"{
  ""Answer"": ""no"",
  ""Explanation"": ""The sentence 'Democratic Illinois Rep. Danny Davis defended Nation of Islam leader Louis Farrakhan as an “outstanding human being” on Monday.' is in the past tense, as indicated by the verb 'defended.' There is no verb in the future tense in this sentence.""
}",[]
1225,[6],Democratic Illinois Rep. Danny Davis defended Nation of Islam leader Louis Farrakhan as an “outstanding human being” on Monday.,Tense,['past'],['past'],['past'],True,['past'],"{
  ""Properties"": [""present""],
  ""Explanation"": ""The use of 'defended' and 'is' in the present tense emphasizes the immediacy of the action and the statement being made by the Illinois Rep.""
}",['present'],"{
  ""Properties"": [""present""],
  ""Explanation"": ""The use of 'defended' and 'is' indicates the present tense, creating an immediate effect in the headline.""
}",['present'],"{
  ""Properties"": [""present""],
  ""Explanation"": ""The present tense is used in the headline to emphasize the immediacy of the action being defended by Rep. Danny Davis.""
}",['present'],1,"{
  ""Properties"": [""present""],
  ""Explanation"": ""The use of 'defended' in the present tense emphasizes the immediacy of the action and its relevance to the current moment.""
}",['present'],"{
  ""Properties"": [""present""],
  ""Explanation"": ""The use of 'defended' in the present tense emphasizes the immediacy of the action and its relevance to the current moment.""
}",['present'],"{
  ""Properties"": [""present""],
  ""Explanation"": ""The use of 'defended' in the present tense emphasizes the immediacy of the action and its relevance to the current moment.""
}",['present'],1,['present'],1.0,1.0,,['present'],progression,"{
  ""Answer"": ""no"",
  ""Explanation"": ""The sentence 'Democratic Illinois Rep. Danny Davis defended Nation of Islam leader Louis Farrakhan as an “outstanding human being” on Monday.' does not contain progression tense. The entire sentence is in the past tense, as indicated by the verb 'defended.' There is no shift to a different tense within the sentence.""
}",[]
1332,[7 8],These pardons cleanse another stain from our nation's history in the dark years of Obama.,Tense,['present'],['present'],['present'],True,['past'],"{
  ""Properties"": [""past""],
  ""Explanation"": ""The use of 'years of Obama' indicates that the action of 'cleanse' has already happened in the past.""
}",['past'],"{
  ""Properties"": [""past""],
  ""Explanation"": ""The use of 'pardons' and 'history' indicate that the sentence is referring to something that has already happened, so the past tense is used.""
}",['past'],"{
  ""Properties"": [""past""],
  ""Explanation"": ""The use of 'pardons' and 'in the dark years of Obama' indicates a past tense, expressing something that already happened.""
}",['past'],1,"{
  ""Properties"": [""past""],
  ""Explanation"": ""The use of 'pardons' and 'in the dark years of Obama' indicate that the action has already happened in the past.""
}",['past'],"{
  ""Properties"": [""past""],
  ""Explanation"": ""The sentence uses the past tense 'cleansed' to express an action that has already happened.""
}",['past'],"{
  ""Properties"": [""past""],
  ""Explanation"": ""The sentence uses the past tense 'cleansed' to express an action that has already happened.""
}",['past'],1,['past'],1.0,0.0,,['present'],present,"{
  ""Answer"": ""yes"",
  ""Explanation"": ""The sentence 'These pardons cleanse another stain from our nation's history in the dark years of Obama.' contains the present tense. The verb 'cleanse' is in the present tense, indicating an action that is taking place right now.""
}",['present']
1332,[7 8],These pardons cleanse another stain from our nation's history in the dark years of Obama.,Tense,['present'],['present'],['present'],True,['past'],"{
  ""Properties"": [""past""],
  ""Explanation"": ""The use of 'years of Obama' indicates that the action of 'cleanse' has already happened in the past.""
}",['past'],"{
  ""Properties"": [""past""],
  ""Explanation"": ""The use of 'pardons' and 'history' indicate that the sentence is referring to something that has already happened, so the past tense is used.""
}",['past'],"{
  ""Properties"": [""past""],
  ""Explanation"": ""The use of 'pardons' and 'in the dark years of Obama' indicates a past tense, expressing something that already happened.""
}",['past'],1,"{
  ""Properties"": [""past""],
  ""Explanation"": ""The use of 'pardons' and 'in the dark years of Obama' indicate that the action has already happened in the past.""
}",['past'],"{
  ""Properties"": [""past""],
  ""Explanation"": ""The sentence uses the past tense 'cleansed' to express an action that has already happened.""
}",['past'],"{
  ""Properties"": [""past""],
  ""Explanation"": ""The sentence uses the past tense 'cleansed' to express an action that has already happened.""
}",['past'],1,['past'],1.0,0.0,,['present'],past,"{
  ""Answer"": ""no"",
  ""Explanation"": ""The sentence 'These pardons cleanse another stain from our nation's history in the dark years of Obama.' does not contain a verb in the past tense. The verb 'cleanse' is in the present tense.""
}",[]
1332,[7 8],These pardons cleanse another stain from our nation's history in the dark years of Obama.,Tense,['present'],['present'],['present'],True,['past'],"{
  ""Properties"": [""past""],
  ""Explanation"": ""The use of 'years of Obama' indicates that the action of 'cleanse' has already happened in the past.""
}",['past'],"{
  ""Properties"": [""past""],
  ""Explanation"": ""The use of 'pardons' and 'history' indicate that the sentence is referring to something that has already happened, so the past tense is used.""
}",['past'],"{
  ""Properties"": [""past""],
  ""Explanation"": ""The use of 'pardons' and 'in the dark years of Obama' indicates a past tense, expressing something that already happened.""
}",['past'],1,"{
  ""Properties"": [""past""],
  ""Explanation"": ""The use of 'pardons' and 'in the dark years of Obama' indicate that the action has already happened in the past.""
}",['past'],"{
  ""Properties"": [""past""],
  ""Explanation"": ""The sentence uses the past tense 'cleansed' to express an action that has already happened.""
}",['past'],"{
  ""Properties"": [""past""],
  ""Explanation"": ""The sentence uses the past tense 'cleansed' to express an action that has already happened.""
}",['past'],1,['past'],1.0,0.0,,['present'],future,"{
  ""Answer"": ""no"",
  ""Explanation"": ""The sentence 'These pardons cleanse another stain from our nation's history in the dark years of Obama.' does not contain a future tense verb. The verb 'cleanse' is in the present tense, indicating an action that is happening now, not something that will happen in the future.""
}",[]
1332,[7 8],These pardons cleanse another stain from our nation's history in the dark years of Obama.,Tense,['present'],['present'],['present'],True,['past'],"{
  ""Properties"": [""past""],
  ""Explanation"": ""The use of 'years of Obama' indicates that the action of 'cleanse' has already happened in the past.""
}",['past'],"{
  ""Properties"": [""past""],
  ""Explanation"": ""The use of 'pardons' and 'history' indicate that the sentence is referring to something that has already happened, so the past tense is used.""
}",['past'],"{
  ""Properties"": [""past""],
  ""Explanation"": ""The use of 'pardons' and 'in the dark years of Obama' indicates a past tense, expressing something that already happened.""
}",['past'],1,"{
  ""Properties"": [""past""],
  ""Explanation"": ""The use of 'pardons' and 'in the dark years of Obama' indicate that the action has already happened in the past.""
}",['past'],"{
  ""Properties"": [""past""],
  ""Explanation"": ""The sentence uses the past tense 'cleansed' to express an action that has already happened.""
}",['past'],"{
  ""Properties"": [""past""],
  ""Explanation"": ""The sentence uses the past tense 'cleansed' to express an action that has already happened.""
}",['past'],1,['past'],1.0,0.0,,['present'],progression,"{
  ""Answer"": ""no"",
  ""Explanation"": ""The sentence 'These pardons cleanse another stain from our nation's history in the dark years of Obama.' does not contain progression tense. The entire sentence is in the present tense ('cleanse'). There is no shift to a different tense within the sentence.""
}",[]
1354,[7],"“I have, on numerous occasions, noted our intelligence findings that Russians attempted to interfere in our elections.",Tense,"['past', 'present']","['past', 'present']","['past', 'present']",True,['present'],"{
  ""Properties"": [""present"", ""progression""],
  ""Explanation"": ""The use of 'have' and 'noted' indicate present tense, while changing to past tense with 'attempted' is used for progression.""
}","['present', 'progression']","{
  ""Properties"": [""past""],
  ""Explanation"": ""The use of 'noted' indicates that the action of noting the intelligence findings has already happened, placing the statement in the past."" 
}",['past'],"{
  ""Properties"": [""present"", ""past""],
  ""Explanation"": ""The use of 'have' indicates the present perfect tense, while 'noted' indicates simple past tense.""
}","['present', 'past']",0,"{
  ""Properties"": [""present"", ""progression""],
  ""Explanation"": ""The use of 'have noted' indicates the present perfect tense, while the changing tense in the middle of the sentence from 'have noted' to 'attempted' demonstrates the use of progression.""
}","['present', 'progression']","{
  ""Properties"": [""present"", ""progression""],
  ""Explanation"": ""The use of 'have' indicates the present perfect tense, emphasizing the ongoing relevance of the intelligence findings. The progression of tenses from 'have' to 'noted' creates a rhetorical effect by highlighting the repeated nature of the action.""
}","['present', 'progression']","{
  ""Properties"": [""present"", ""past""],
  ""Explanation"": ""The text uses the present tense 'have noted' to emphasize the ongoing relevance of the intelligence findings, and the past tense 'attempted' to indicate that the interference already happened.""
}","['present', 'past']",0,"['present', 'progression']",0.0,0.0,,['past'],present,"{
  ""Answer"": ""no"",
  ""Explanation"": ""The sentence 'I have, on numerous occasions, noted our intelligence findings that Russians attempted to interfere in our elections.' is in the present perfect tense, not the present tense. The present perfect tense is used to describe actions that have occurred at an unspecified time before now. The verb 'have noted' indicates an action that has been completed at some point in the past but is relevant to the present.""
}",[]
1354,[7],"“I have, on numerous occasions, noted our intelligence findings that Russians attempted to interfere in our elections.",Tense,"['past', 'present']","['past', 'present']","['past', 'present']",True,['present'],"{
  ""Properties"": [""present"", ""progression""],
  ""Explanation"": ""The use of 'have' and 'noted' indicate present tense, while changing to past tense with 'attempted' is used for progression.""
}","['present', 'progression']","{
  ""Properties"": [""past""],
  ""Explanation"": ""The use of 'noted' indicates that the action of noting the intelligence findings has already happened, placing the statement in the past."" 
}",['past'],"{
  ""Properties"": [""present"", ""past""],
  ""Explanation"": ""The use of 'have' indicates the present perfect tense, while 'noted' indicates simple past tense.""
}","['present', 'past']",0,"{
  ""Properties"": [""present"", ""progression""],
  ""Explanation"": ""The use of 'have noted' indicates the present perfect tense, while the changing tense in the middle of the sentence from 'have noted' to 'attempted' demonstrates the use of progression.""
}","['present', 'progression']","{
  ""Properties"": [""present"", ""progression""],
  ""Explanation"": ""The use of 'have' indicates the present perfect tense, emphasizing the ongoing relevance of the intelligence findings. The progression of tenses from 'have' to 'noted' creates a rhetorical effect by highlighting the repeated nature of the action.""
}","['present', 'progression']","{
  ""Properties"": [""present"", ""past""],
  ""Explanation"": ""The text uses the present tense 'have noted' to emphasize the ongoing relevance of the intelligence findings, and the past tense 'attempted' to indicate that the interference already happened.""
}","['present', 'past']",0,"['present', 'progression']",0.0,0.0,,['past'],past,"{
  ""Answer"": ""no"",
  ""Explanation"": ""The sentence 'I have, on numerous occasions, noted our intelligence findings that Russians attempted to interfere in our elections.' contains the present perfect tense ('have noted') and the past tense ('attempted'). However, the main verb 'have noted' is in the present perfect tense, which expresses an action that occurred at an unspecified time before now. Therefore, the primary tense of the sentence is not past tense.""
}",[]
1354,[7],"“I have, on numerous occasions, noted our intelligence findings that Russians attempted to interfere in our elections.",Tense,"['past', 'present']","['past', 'present']","['past', 'present']",True,['present'],"{
  ""Properties"": [""present"", ""progression""],
  ""Explanation"": ""The use of 'have' and 'noted' indicate present tense, while changing to past tense with 'attempted' is used for progression.""
}","['present', 'progression']","{
  ""Properties"": [""past""],
  ""Explanation"": ""The use of 'noted' indicates that the action of noting the intelligence findings has already happened, placing the statement in the past."" 
}",['past'],"{
  ""Properties"": [""present"", ""past""],
  ""Explanation"": ""The use of 'have' indicates the present perfect tense, while 'noted' indicates simple past tense.""
}","['present', 'past']",0,"{
  ""Properties"": [""present"", ""progression""],
  ""Explanation"": ""The use of 'have noted' indicates the present perfect tense, while the changing tense in the middle of the sentence from 'have noted' to 'attempted' demonstrates the use of progression.""
}","['present', 'progression']","{
  ""Properties"": [""present"", ""progression""],
  ""Explanation"": ""The use of 'have' indicates the present perfect tense, emphasizing the ongoing relevance of the intelligence findings. The progression of tenses from 'have' to 'noted' creates a rhetorical effect by highlighting the repeated nature of the action.""
}","['present', 'progression']","{
  ""Properties"": [""present"", ""past""],
  ""Explanation"": ""The text uses the present tense 'have noted' to emphasize the ongoing relevance of the intelligence findings, and the past tense 'attempted' to indicate that the interference already happened.""
}","['present', 'past']",0,"['present', 'progression']",0.0,0.0,,['past'],future,"{
  ""Answer"": ""no"",
  ""Explanation"": ""The sentence provided does not contain a future tense. It is written in the present perfect tense, as indicated by the use of 'have noted.' The present perfect tense is used to describe actions that have occurred at an unspecified time before now. There is no indication of an action that is yet to happen in the future.""
}",[]
1354,[7],"“I have, on numerous occasions, noted our intelligence findings that Russians attempted to interfere in our elections.",Tense,"['past', 'present']","['past', 'present']","['past', 'present']",True,['present'],"{
  ""Properties"": [""present"", ""progression""],
  ""Explanation"": ""The use of 'have' and 'noted' indicate present tense, while changing to past tense with 'attempted' is used for progression.""
}","['present', 'progression']","{
  ""Properties"": [""past""],
  ""Explanation"": ""The use of 'noted' indicates that the action of noting the intelligence findings has already happened, placing the statement in the past."" 
}",['past'],"{
  ""Properties"": [""present"", ""past""],
  ""Explanation"": ""The use of 'have' indicates the present perfect tense, while 'noted' indicates simple past tense.""
}","['present', 'past']",0,"{
  ""Properties"": [""present"", ""progression""],
  ""Explanation"": ""The use of 'have noted' indicates the present perfect tense, while the changing tense in the middle of the sentence from 'have noted' to 'attempted' demonstrates the use of progression.""
}","['present', 'progression']","{
  ""Properties"": [""present"", ""progression""],
  ""Explanation"": ""The use of 'have' indicates the present perfect tense, emphasizing the ongoing relevance of the intelligence findings. The progression of tenses from 'have' to 'noted' creates a rhetorical effect by highlighting the repeated nature of the action.""
}","['present', 'progression']","{
  ""Properties"": [""present"", ""past""],
  ""Explanation"": ""The text uses the present tense 'have noted' to emphasize the ongoing relevance of the intelligence findings, and the past tense 'attempted' to indicate that the interference already happened.""
}","['present', 'past']",0,"['present', 'progression']",0.0,0.0,,['past'],progression,"{
  ""Answer"": ""no"",
  ""Explanation"": ""The sentence 'I have, on numerous occasions, noted our intelligence findings that Russians attempted to interfere in our elections.' does not contain progression tense. The sentence maintains a consistent tense throughout. 'I have noted' is in the present perfect tense, and 'Russians attempted' is in the past tense, but this shift is not for effect; it is a natural and grammatically correct way to report past actions in the context of a present perfect statement.""
}",[]
1390,[7 9],"Barack Obama spent considerable time selling the American people on the idea of a cooperative Iran — all the while cutting quiet deals, behind closed doors, with the rogue nation.",Tense,['past'],['past'],['past'],True,['past'],"{
  ""Properties"": [""past"", ""progression""],
  ""Explanation"": ""The text uses the past tense to describe actions that have already happened ('spent', 'selling', 'cutting'), and it employs a change in tense within the sentence for effect ('spent' in past tense vs. 'cutting' in present progressive tense)."" 
}","['past', 'progression']","{
  ""Properties"": [""past""],
  ""Explanation"": ""The text uses past tense to describe actions that have already happened, indicating the use of the 'past' tense property.""
}",['past'],"{
  ""Properties"": [""past""],
  ""Explanation"": ""The text uses the past tense 'spent,' 'selling,' and 'cutting' to indicate that these actions have already occurred.""
}",['past'],0,"{
  ""Properties"": [""past""],
  ""Explanation"": ""The text uses the past tense to describe actions that have already happened, such as 'Barack Obama spent' and 'cutting quiet deals'.""
}",['past'],"{
  ""Properties"": [""past"", ""progression""],
  ""Explanation"": ""The text uses the past tense to describe actions that have already happened ('spent', 'selling', 'cutting'), and also changes tense in the middle of the sentence for effect ('selling' in past tense, 'cutting' in present participle).""
}","['past', 'progression']","{
  ""Properties"": [""past"", ""progression""],
  ""Explanation"": ""The text uses the past tense to describe actions that have already happened ('spent', 'selling', 'cutting'), and also changes tense in the middle of the sentence for effect ('spent' - past tense, 'selling' - present participle).""
}","['past', 'progression']",0,"['past', 'progression']",1.0,0.0,,['past'],present,"{
  ""Answer"": ""no"",
  ""Explanation"": ""The sentence 'Barack Obama spent considerable time selling the American people on the idea of a cooperative Iran — all the while cutting quiet deals, behind closed doors, with the rogue nation.' is in the past tense. The verb 'spent' indicates an action that has already occurred, and 'cutting' is a present participle used in a past continuous context.""
}",[]
1390,[7 9],"Barack Obama spent considerable time selling the American people on the idea of a cooperative Iran — all the while cutting quiet deals, behind closed doors, with the rogue nation.",Tense,['past'],['past'],['past'],True,['past'],"{
  ""Properties"": [""past"", ""progression""],
  ""Explanation"": ""The text uses the past tense to describe actions that have already happened ('spent', 'selling', 'cutting'), and it employs a change in tense within the sentence for effect ('spent' in past tense vs. 'cutting' in present progressive tense)."" 
}","['past', 'progression']","{
  ""Properties"": [""past""],
  ""Explanation"": ""The text uses past tense to describe actions that have already happened, indicating the use of the 'past' tense property.""
}",['past'],"{
  ""Properties"": [""past""],
  ""Explanation"": ""The text uses the past tense 'spent,' 'selling,' and 'cutting' to indicate that these actions have already occurred.""
}",['past'],0,"{
  ""Properties"": [""past""],
  ""Explanation"": ""The text uses the past tense to describe actions that have already happened, such as 'Barack Obama spent' and 'cutting quiet deals'.""
}",['past'],"{
  ""Properties"": [""past"", ""progression""],
  ""Explanation"": ""The text uses the past tense to describe actions that have already happened ('spent', 'selling', 'cutting'), and also changes tense in the middle of the sentence for effect ('selling' in past tense, 'cutting' in present participle).""
}","['past', 'progression']","{
  ""Properties"": [""past"", ""progression""],
  ""Explanation"": ""The text uses the past tense to describe actions that have already happened ('spent', 'selling', 'cutting'), and also changes tense in the middle of the sentence for effect ('spent' - past tense, 'selling' - present participle).""
}","['past', 'progression']",0,"['past', 'progression']",1.0,0.0,,['past'],past,"{
  ""Answer"": ""yes"",
  ""Explanation"": ""The sentence contains the past tense verb 'spent,' which indicates an action that has already happened. Additionally, the phrase 'cutting quiet deals' implies actions that occurred in the past.""
}",['past']
1390,[7 9],"Barack Obama spent considerable time selling the American people on the idea of a cooperative Iran — all the while cutting quiet deals, behind closed doors, with the rogue nation.",Tense,['past'],['past'],['past'],True,['past'],"{
  ""Properties"": [""past"", ""progression""],
  ""Explanation"": ""The text uses the past tense to describe actions that have already happened ('spent', 'selling', 'cutting'), and it employs a change in tense within the sentence for effect ('spent' in past tense vs. 'cutting' in present progressive tense)."" 
}","['past', 'progression']","{
  ""Properties"": [""past""],
  ""Explanation"": ""The text uses past tense to describe actions that have already happened, indicating the use of the 'past' tense property.""
}",['past'],"{
  ""Properties"": [""past""],
  ""Explanation"": ""The text uses the past tense 'spent,' 'selling,' and 'cutting' to indicate that these actions have already occurred.""
}",['past'],0,"{
  ""Properties"": [""past""],
  ""Explanation"": ""The text uses the past tense to describe actions that have already happened, such as 'Barack Obama spent' and 'cutting quiet deals'.""
}",['past'],"{
  ""Properties"": [""past"", ""progression""],
  ""Explanation"": ""The text uses the past tense to describe actions that have already happened ('spent', 'selling', 'cutting'), and also changes tense in the middle of the sentence for effect ('selling' in past tense, 'cutting' in present participle).""
}","['past', 'progression']","{
  ""Properties"": [""past"", ""progression""],
  ""Explanation"": ""The text uses the past tense to describe actions that have already happened ('spent', 'selling', 'cutting'), and also changes tense in the middle of the sentence for effect ('spent' - past tense, 'selling' - present participle).""
}","['past', 'progression']",0,"['past', 'progression']",1.0,0.0,,['past'],future,"{
  ""Answer"": ""no"",
  ""Explanation"": ""The sentence 'Barack Obama spent considerable time selling the American people on the idea of a cooperative Iran — all the while cutting quiet deals, behind closed doors, with the rogue nation.' is in the past tense. The verb 'spent' indicates an action that has already occurred, and there are no verbs in the future tense in this sentence.""
}",[]
1390,[7 9],"Barack Obama spent considerable time selling the American people on the idea of a cooperative Iran — all the while cutting quiet deals, behind closed doors, with the rogue nation.",Tense,['past'],['past'],['past'],True,['past'],"{
  ""Properties"": [""past"", ""progression""],
  ""Explanation"": ""The text uses the past tense to describe actions that have already happened ('spent', 'selling', 'cutting'), and it employs a change in tense within the sentence for effect ('spent' in past tense vs. 'cutting' in present progressive tense)."" 
}","['past', 'progression']","{
  ""Properties"": [""past""],
  ""Explanation"": ""The text uses past tense to describe actions that have already happened, indicating the use of the 'past' tense property.""
}",['past'],"{
  ""Properties"": [""past""],
  ""Explanation"": ""The text uses the past tense 'spent,' 'selling,' and 'cutting' to indicate that these actions have already occurred.""
}",['past'],0,"{
  ""Properties"": [""past""],
  ""Explanation"": ""The text uses the past tense to describe actions that have already happened, such as 'Barack Obama spent' and 'cutting quiet deals'.""
}",['past'],"{
  ""Properties"": [""past"", ""progression""],
  ""Explanation"": ""The text uses the past tense to describe actions that have already happened ('spent', 'selling', 'cutting'), and also changes tense in the middle of the sentence for effect ('selling' in past tense, 'cutting' in present participle).""
}","['past', 'progression']","{
  ""Properties"": [""past"", ""progression""],
  ""Explanation"": ""The text uses the past tense to describe actions that have already happened ('spent', 'selling', 'cutting'), and also changes tense in the middle of the sentence for effect ('spent' - past tense, 'selling' - present participle).""
}","['past', 'progression']",0,"['past', 'progression']",1.0,0.0,,['past'],progression,"{
  ""Answer"": ""no"",
  ""Explanation"": ""The sentence 'Barack Obama spent considerable time selling the American people on the idea of a cooperative Iran — all the while cutting quiet deals, behind closed doors, with the rogue nation.' does not contain progression tense. The entire sentence is in the past tense ('spent' and 'cutting'). There is no change in tense within the sentence.""
}",[]
1699,[8],"He said the group was a toothless, paper-shuffling exercise.",Tense,['past'],['past'],['past'],True,['past'],"{
  ""Properties"": [""past"", ""progression""],
  ""Explanation"": ""The sentence uses the past tense 'was' to express that the group no longer exists in that form. Additionally, the progression of tenses from 'was' to 'is' is used for rhetorical effect.""
}","['past', 'progression']","{
  ""Properties"": [""past"", ""progression""],
  ""Explanation"": ""The use of 'said' indicates past tense, and the change from 'was' to 'is' in the middle of the sentence creates a sense of progression or contrast.""
}","['past', 'progression']","{
  ""Properties"": [""past"", ""progression""],
  ""Explanation"": ""The sentence uses the past tense 'was' to describe the group, and then changes to the present tense 'is' to emphasize the current nature of the group as a paper-shuffling exercise.""
}","['past', 'progression']",1,"{
  ""Properties"": [""past"", ""progression""],
  ""Explanation"": ""The sentence uses the past tense 'was' to express something that already happened, and changes tense in the middle of the sentence for effect by using the past tense 'was' and the present tense 'is'.""
}","['past', 'progression']","{
  ""Properties"": [""past"", ""progression""],
  ""Explanation"": ""The sentence uses the past tense 'was' to express something that already happened, and changes tense in the middle of the sentence for effect by using the present tense 'is' in 'is a toothless, paper-shuffling exercise.'""
}","['past', 'progression']","{
  ""Properties"": [""past"", ""progression""],
  ""Explanation"": ""The use of 'was' indicates the past tense, while the change from 'was' to 'is' in the middle of the sentence creates a progression for effect.""
}","['past', 'progression']",1,"['past', 'progression']",1.0,0.0,,['past'],present,"{
  ""Answer"": ""no"",
  ""Explanation"": ""The sentence 'He said the group was a toothless, paper-shuffling exercise.' does not contain present tense. The verb 'said' is in the past tense, and 'was' is also in the past tense. Therefore, the sentence is describing an action and a state that occurred in the past.""
}",[]
1699,[8],"He said the group was a toothless, paper-shuffling exercise.",Tense,['past'],['past'],['past'],True,['past'],"{
  ""Properties"": [""past"", ""progression""],
  ""Explanation"": ""The sentence uses the past tense 'was' to express that the group no longer exists in that form. Additionally, the progression of tenses from 'was' to 'is' is used for rhetorical effect.""
}","['past', 'progression']","{
  ""Properties"": [""past"", ""progression""],
  ""Explanation"": ""The use of 'said' indicates past tense, and the change from 'was' to 'is' in the middle of the sentence creates a sense of progression or contrast.""
}","['past', 'progression']","{
  ""Properties"": [""past"", ""progression""],
  ""Explanation"": ""The sentence uses the past tense 'was' to describe the group, and then changes to the present tense 'is' to emphasize the current nature of the group as a paper-shuffling exercise.""
}","['past', 'progression']",1,"{
  ""Properties"": [""past"", ""progression""],
  ""Explanation"": ""The sentence uses the past tense 'was' to express something that already happened, and changes tense in the middle of the sentence for effect by using the past tense 'was' and the present tense 'is'.""
}","['past', 'progression']","{
  ""Properties"": [""past"", ""progression""],
  ""Explanation"": ""The sentence uses the past tense 'was' to express something that already happened, and changes tense in the middle of the sentence for effect by using the present tense 'is' in 'is a toothless, paper-shuffling exercise.'""
}","['past', 'progression']","{
  ""Properties"": [""past"", ""progression""],
  ""Explanation"": ""The use of 'was' indicates the past tense, while the change from 'was' to 'is' in the middle of the sentence creates a progression for effect.""
}","['past', 'progression']",1,"['past', 'progression']",1.0,0.0,,['past'],past,"{
  ""Answer"": ""yes"",
  ""Explanation"": ""The sentence contains the past tense verb 'said,' which indicates that the action of speaking occurred in the past. Additionally, 'was' is the past tense form of the verb 'to be,' further confirming that the sentence is in the past tense.""
}",['past']
1699,[8],"He said the group was a toothless, paper-shuffling exercise.",Tense,['past'],['past'],['past'],True,['past'],"{
  ""Properties"": [""past"", ""progression""],
  ""Explanation"": ""The sentence uses the past tense 'was' to express that the group no longer exists in that form. Additionally, the progression of tenses from 'was' to 'is' is used for rhetorical effect.""
}","['past', 'progression']","{
  ""Properties"": [""past"", ""progression""],
  ""Explanation"": ""The use of 'said' indicates past tense, and the change from 'was' to 'is' in the middle of the sentence creates a sense of progression or contrast.""
}","['past', 'progression']","{
  ""Properties"": [""past"", ""progression""],
  ""Explanation"": ""The sentence uses the past tense 'was' to describe the group, and then changes to the present tense 'is' to emphasize the current nature of the group as a paper-shuffling exercise.""
}","['past', 'progression']",1,"{
  ""Properties"": [""past"", ""progression""],
  ""Explanation"": ""The sentence uses the past tense 'was' to express something that already happened, and changes tense in the middle of the sentence for effect by using the past tense 'was' and the present tense 'is'.""
}","['past', 'progression']","{
  ""Properties"": [""past"", ""progression""],
  ""Explanation"": ""The sentence uses the past tense 'was' to express something that already happened, and changes tense in the middle of the sentence for effect by using the present tense 'is' in 'is a toothless, paper-shuffling exercise.'""
}","['past', 'progression']","{
  ""Properties"": [""past"", ""progression""],
  ""Explanation"": ""The use of 'was' indicates the past tense, while the change from 'was' to 'is' in the middle of the sentence creates a progression for effect.""
}","['past', 'progression']",1,"['past', 'progression']",1.0,0.0,,['past'],future,"{
  ""Answer"": ""no"",
  ""Explanation"": ""The sentence 'He said the group was a toothless, paper-shuffling exercise.' does not contain a future tense verb. The verb 'was' is in the past tense, indicating that the action or state being described occurred in the past.""
}",[]
1699,[8],"He said the group was a toothless, paper-shuffling exercise.",Tense,['past'],['past'],['past'],True,['past'],"{
  ""Properties"": [""past"", ""progression""],
  ""Explanation"": ""The sentence uses the past tense 'was' to express that the group no longer exists in that form. Additionally, the progression of tenses from 'was' to 'is' is used for rhetorical effect.""
}","['past', 'progression']","{
  ""Properties"": [""past"", ""progression""],
  ""Explanation"": ""The use of 'said' indicates past tense, and the change from 'was' to 'is' in the middle of the sentence creates a sense of progression or contrast.""
}","['past', 'progression']","{
  ""Properties"": [""past"", ""progression""],
  ""Explanation"": ""The sentence uses the past tense 'was' to describe the group, and then changes to the present tense 'is' to emphasize the current nature of the group as a paper-shuffling exercise.""
}","['past', 'progression']",1,"{
  ""Properties"": [""past"", ""progression""],
  ""Explanation"": ""The sentence uses the past tense 'was' to express something that already happened, and changes tense in the middle of the sentence for effect by using the past tense 'was' and the present tense 'is'.""
}","['past', 'progression']","{
  ""Properties"": [""past"", ""progression""],
  ""Explanation"": ""The sentence uses the past tense 'was' to express something that already happened, and changes tense in the middle of the sentence for effect by using the present tense 'is' in 'is a toothless, paper-shuffling exercise.'""
}","['past', 'progression']","{
  ""Properties"": [""past"", ""progression""],
  ""Explanation"": ""The use of 'was' indicates the past tense, while the change from 'was' to 'is' in the middle of the sentence creates a progression for effect.""
}","['past', 'progression']",1,"['past', 'progression']",1.0,0.0,,['past'],progression,"{
  ""Answer"": ""no"",
  ""Explanation"": ""The sentence 'He said the group was a toothless, paper-shuffling exercise.' does not contain progression tense. The entire sentence is in the past tense ('was'), and there is no shift to a different tense within the sentence.""
}",[]
2629,[ 8 13],ADVANTAGE AMERICANS,Tense,[],[],[],True,[],"{
  ""Properties"": [""present""],
  ""Explanation"": ""The text uses the present tense to convey immediacy and grab the reader's attention, a common strategy in headlines.""
}",['present'],"{
  ""Properties"": [""present""],
  ""Explanation"": ""The use of present tense in the headline 'ADVANTAGE AMERICANS' emphasizes the immediate and ongoing advantage that Americans have in a certain context.""
}",['present'],"{
  ""Properties"": [""present""],
  ""Explanation"": ""The use of the word 'AMERICANS' in all caps and the absence of any tense markers suggests a present tense command or declaration, commonly used in headlines for immediacy effect.""
}",['present'],1,"{
  ""Properties"": [""present""],
  ""Explanation"": ""The use of 'AMERICANS' in all caps and without any verb indicates a present tense, often used in headlines for immediacy effect or to emphasize an action.""
}",['present'],"{
  ""Properties"": [""present""],
  ""Explanation"": ""The use of 'ADVANTAGE' in all caps and the absence of any tense markers suggests that the headline is using the present tense for immediacy effect and to emphasize the advantage of Americans.""
}",['present'],"{
  ""Properties"": [""present""],
  ""Explanation"": ""The use of 'ADVANTAGE' in all caps and the absence of any tense markers indicates a present tense, likely used for immediacy and emphasis in a headline.""
}",['present'],1,['present'],1.0,0.0,,[],present,"{
  ""Answer"": ""no"",
  ""Explanation"": ""The phrase 'ADVANTAGE AMERICANS' does not contain a verb, and therefore, it does not express any tense, including the present tense. It appears to be a headline or a fragment rather than a complete sentence.""
}",[]
2629,[ 8 13],ADVANTAGE AMERICANS,Tense,[],[],[],True,[],"{
  ""Properties"": [""present""],
  ""Explanation"": ""The text uses the present tense to convey immediacy and grab the reader's attention, a common strategy in headlines.""
}",['present'],"{
  ""Properties"": [""present""],
  ""Explanation"": ""The use of present tense in the headline 'ADVANTAGE AMERICANS' emphasizes the immediate and ongoing advantage that Americans have in a certain context.""
}",['present'],"{
  ""Properties"": [""present""],
  ""Explanation"": ""The use of the word 'AMERICANS' in all caps and the absence of any tense markers suggests a present tense command or declaration, commonly used in headlines for immediacy effect.""
}",['present'],1,"{
  ""Properties"": [""present""],
  ""Explanation"": ""The use of 'AMERICANS' in all caps and without any verb indicates a present tense, often used in headlines for immediacy effect or to emphasize an action.""
}",['present'],"{
  ""Properties"": [""present""],
  ""Explanation"": ""The use of 'ADVANTAGE' in all caps and the absence of any tense markers suggests that the headline is using the present tense for immediacy effect and to emphasize the advantage of Americans.""
}",['present'],"{
  ""Properties"": [""present""],
  ""Explanation"": ""The use of 'ADVANTAGE' in all caps and the absence of any tense markers indicates a present tense, likely used for immediacy and emphasis in a headline.""
}",['present'],1,['present'],1.0,0.0,,[],past,"{
  ""Answer"": ""no"",
  ""Explanation"": ""The phrase 'ADVANTAGE AMERICANS' does not contain a verb, and therefore, it cannot express any verb tense, including the past tense. It appears to be a headline or a fragment rather than a complete sentence.""
}",[]
2629,[ 8 13],ADVANTAGE AMERICANS,Tense,[],[],[],True,[],"{
  ""Properties"": [""present""],
  ""Explanation"": ""The text uses the present tense to convey immediacy and grab the reader's attention, a common strategy in headlines.""
}",['present'],"{
  ""Properties"": [""present""],
  ""Explanation"": ""The use of present tense in the headline 'ADVANTAGE AMERICANS' emphasizes the immediate and ongoing advantage that Americans have in a certain context.""
}",['present'],"{
  ""Properties"": [""present""],
  ""Explanation"": ""The use of the word 'AMERICANS' in all caps and the absence of any tense markers suggests a present tense command or declaration, commonly used in headlines for immediacy effect.""
}",['present'],1,"{
  ""Properties"": [""present""],
  ""Explanation"": ""The use of 'AMERICANS' in all caps and without any verb indicates a present tense, often used in headlines for immediacy effect or to emphasize an action.""
}",['present'],"{
  ""Properties"": [""present""],
  ""Explanation"": ""The use of 'ADVANTAGE' in all caps and the absence of any tense markers suggests that the headline is using the present tense for immediacy effect and to emphasize the advantage of Americans.""
}",['present'],"{
  ""Properties"": [""present""],
  ""Explanation"": ""The use of 'ADVANTAGE' in all caps and the absence of any tense markers indicates a present tense, likely used for immediacy and emphasis in a headline.""
}",['present'],1,['present'],1.0,0.0,,[],future,"{
  ""Answer"": ""no"",
  ""Explanation"": ""The phrase 'ADVANTAGE AMERICANS' does not contain a verb, and therefore, it cannot express any tense, including the future tense. Future tense requires a verb that indicates an action or state that will occur in the future, such as 'will meet' in the example provided.""
}",[]
2629,[ 8 13],ADVANTAGE AMERICANS,Tense,[],[],[],True,[],"{
  ""Properties"": [""present""],
  ""Explanation"": ""The text uses the present tense to convey immediacy and grab the reader's attention, a common strategy in headlines.""
}",['present'],"{
  ""Properties"": [""present""],
  ""Explanation"": ""The use of present tense in the headline 'ADVANTAGE AMERICANS' emphasizes the immediate and ongoing advantage that Americans have in a certain context.""
}",['present'],"{
  ""Properties"": [""present""],
  ""Explanation"": ""The use of the word 'AMERICANS' in all caps and the absence of any tense markers suggests a present tense command or declaration, commonly used in headlines for immediacy effect.""
}",['present'],1,"{
  ""Properties"": [""present""],
  ""Explanation"": ""The use of 'AMERICANS' in all caps and without any verb indicates a present tense, often used in headlines for immediacy effect or to emphasize an action.""
}",['present'],"{
  ""Properties"": [""present""],
  ""Explanation"": ""The use of 'ADVANTAGE' in all caps and the absence of any tense markers suggests that the headline is using the present tense for immediacy effect and to emphasize the advantage of Americans.""
}",['present'],"{
  ""Properties"": [""present""],
  ""Explanation"": ""The use of 'ADVANTAGE' in all caps and the absence of any tense markers indicates a present tense, likely used for immediacy and emphasis in a headline.""
}",['present'],1,['present'],1.0,0.0,,[],progression,"{
  ""Answer"": ""no"",
  ""Explanation"": ""The phrase 'ADVANTAGE AMERICANS' does not contain a complete sentence, nor does it provide any context that would allow for the identification of a change in tense. Progression tense involves changing tense within a sentence, and this phrase does not meet that criterion.""
}",[]
2871,[8],"While it earlier made attempts to balance its shoddier side with some interesting reporting, it is now solidly main stream in the worst sense.",Tense,"['past', 'present']","['past', 'present']","['past', 'present']",True,"['past', 'present']","{
  ""Properties"": [""past"", ""progression""],
  ""Explanation"": ""The use of 'earlier made' indicates past tense, and the switch from 'earlier made' to 'it is now' creates a sense of progression in the sentence.""
}","['past', 'progression']","{
  ""Properties"": [
    ""past"",
    ""progression""
  ],
  ""Explanation"": ""The use of 'earlier made' indicates the past tense, while the shifting from 'earlier made' to 'it is now' in the same sentence reflects progression in tense for rhetorical effect.""
}","['past', 'progression']","{
  ""Properties"": [
    ""past""
  ],
  ""Explanation"": ""The use of 'earlier' and 'made' indicate that the action of attempting to balance its shoddier side has already happened in the past, hence indicating the use of past tense.""
}",['past'],0,"{
  ""Properties"": [""past"", ""progression""],
  ""Explanation"": ""The use of 'earlier' indicates past tense, and the shift from 'earlier' to 'it is now' creates a progression in tense within the sentence.""
}","['past', 'progression']","{
  ""Properties"": [""past"", ""progression""],
  ""Explanation"": ""The sentence uses the past tense 'made' and 'balanced' to describe previous actions, and then switches to the present tense 'is' to describe the current state, creating a sense of progression.""
}","['past', 'progression']","{
  ""Properties"": [""past"", ""progression""],
  ""Explanation"": ""The use of 'earlier' indicates past tense, and the shift from 'earlier' to 'it is now' demonstrates a change in tense for effect, indicating progression.""
}","['past', 'progression']",1,"['past', 'progression']",1.0,0.0,,"['past', 'present']",present,"{
  ""Answer"": ""yes"",
  ""Explanation"": ""The sentence contains the present tense verb 'is' in the phrase 'it is now solidly main stream in the worst sense.' This indicates a current state or condition, which is characteristic of the present tense.""
}",['present']
2871,[8],"While it earlier made attempts to balance its shoddier side with some interesting reporting, it is now solidly main stream in the worst sense.",Tense,"['past', 'present']","['past', 'present']","['past', 'present']",True,"['past', 'present']","{
  ""Properties"": [""past"", ""progression""],
  ""Explanation"": ""The use of 'earlier made' indicates past tense, and the switch from 'earlier made' to 'it is now' creates a sense of progression in the sentence.""
}","['past', 'progression']","{
  ""Properties"": [
    ""past"",
    ""progression""
  ],
  ""Explanation"": ""The use of 'earlier made' indicates the past tense, while the shifting from 'earlier made' to 'it is now' in the same sentence reflects progression in tense for rhetorical effect.""
}","['past', 'progression']","{
  ""Properties"": [
    ""past""
  ],
  ""Explanation"": ""The use of 'earlier' and 'made' indicate that the action of attempting to balance its shoddier side has already happened in the past, hence indicating the use of past tense.""
}",['past'],0,"{
  ""Properties"": [""past"", ""progression""],
  ""Explanation"": ""The use of 'earlier' indicates past tense, and the shift from 'earlier' to 'it is now' creates a progression in tense within the sentence.""
}","['past', 'progression']","{
  ""Properties"": [""past"", ""progression""],
  ""Explanation"": ""The sentence uses the past tense 'made' and 'balanced' to describe previous actions, and then switches to the present tense 'is' to describe the current state, creating a sense of progression.""
}","['past', 'progression']","{
  ""Properties"": [""past"", ""progression""],
  ""Explanation"": ""The use of 'earlier' indicates past tense, and the shift from 'earlier' to 'it is now' demonstrates a change in tense for effect, indicating progression.""
}","['past', 'progression']",1,"['past', 'progression']",1.0,0.0,,"['past', 'present']",past,"{
  ""Answer"": ""no"",
  ""Explanation"": ""The sentence does not contain any verbs in the past tense. The verbs 'made' and 'is' are in the past participle and present tense, respectively. The sentence describes a current state and past attempts without using a past tense verb form.""
}",[]
2871,[8],"While it earlier made attempts to balance its shoddier side with some interesting reporting, it is now solidly main stream in the worst sense.",Tense,"['past', 'present']","['past', 'present']","['past', 'present']",True,"['past', 'present']","{
  ""Properties"": [""past"", ""progression""],
  ""Explanation"": ""The use of 'earlier made' indicates past tense, and the switch from 'earlier made' to 'it is now' creates a sense of progression in the sentence.""
}","['past', 'progression']","{
  ""Properties"": [
    ""past"",
    ""progression""
  ],
  ""Explanation"": ""The use of 'earlier made' indicates the past tense, while the shifting from 'earlier made' to 'it is now' in the same sentence reflects progression in tense for rhetorical effect.""
}","['past', 'progression']","{
  ""Properties"": [
    ""past""
  ],
  ""Explanation"": ""The use of 'earlier' and 'made' indicate that the action of attempting to balance its shoddier side has already happened in the past, hence indicating the use of past tense.""
}",['past'],0,"{
  ""Properties"": [""past"", ""progression""],
  ""Explanation"": ""The use of 'earlier' indicates past tense, and the shift from 'earlier' to 'it is now' creates a progression in tense within the sentence.""
}","['past', 'progression']","{
  ""Properties"": [""past"", ""progression""],
  ""Explanation"": ""The sentence uses the past tense 'made' and 'balanced' to describe previous actions, and then switches to the present tense 'is' to describe the current state, creating a sense of progression.""
}","['past', 'progression']","{
  ""Properties"": [""past"", ""progression""],
  ""Explanation"": ""The use of 'earlier' indicates past tense, and the shift from 'earlier' to 'it is now' demonstrates a change in tense for effect, indicating progression.""
}","['past', 'progression']",1,"['past', 'progression']",1.0,0.0,,"['past', 'present']",future,"{
  ""Answer"": ""no"",
  ""Explanation"": ""The sentence provided does not contain any verbs in the future tense. The verbs 'made' and 'is' are in the past and present tenses, respectively. There is no indication of an action that has yet to happen.""
}",[]
2871,[8],"While it earlier made attempts to balance its shoddier side with some interesting reporting, it is now solidly main stream in the worst sense.",Tense,"['past', 'present']","['past', 'present']","['past', 'present']",True,"['past', 'present']","{
  ""Properties"": [""past"", ""progression""],
  ""Explanation"": ""The use of 'earlier made' indicates past tense, and the switch from 'earlier made' to 'it is now' creates a sense of progression in the sentence.""
}","['past', 'progression']","{
  ""Properties"": [
    ""past"",
    ""progression""
  ],
  ""Explanation"": ""The use of 'earlier made' indicates the past tense, while the shifting from 'earlier made' to 'it is now' in the same sentence reflects progression in tense for rhetorical effect.""
}","['past', 'progression']","{
  ""Properties"": [
    ""past""
  ],
  ""Explanation"": ""The use of 'earlier' and 'made' indicate that the action of attempting to balance its shoddier side has already happened in the past, hence indicating the use of past tense.""
}",['past'],0,"{
  ""Properties"": [""past"", ""progression""],
  ""Explanation"": ""The use of 'earlier' indicates past tense, and the shift from 'earlier' to 'it is now' creates a progression in tense within the sentence.""
}","['past', 'progression']","{
  ""Properties"": [""past"", ""progression""],
  ""Explanation"": ""The sentence uses the past tense 'made' and 'balanced' to describe previous actions, and then switches to the present tense 'is' to describe the current state, creating a sense of progression.""
}","['past', 'progression']","{
  ""Properties"": [""past"", ""progression""],
  ""Explanation"": ""The use of 'earlier' indicates past tense, and the shift from 'earlier' to 'it is now' demonstrates a change in tense for effect, indicating progression.""
}","['past', 'progression']",1,"['past', 'progression']",1.0,0.0,,"['past', 'present']",progression,"{
  ""Answer"": ""yes"",
  ""Explanation"": ""The sentence 'While it earlier made attempts to balance its shoddier side with some interesting reporting, it is now solidly main stream in the worst sense.' contains progression tense. The verb tense changes from past tense 'made' to present tense 'is' within the same sentence, which is an example of changing tense for effect.""
}",['progression']
3387,[ 8  9 13  8  9],"This will be a final victory over the enemies within and their apologists, such as Faggioli, who, in typical neo-Catholic style, imperiously scoffs at the notion of “a young clergy marked by personal sanctity but also by a fascination for a mythical Middle Ages” and busies himself defending an unsalvageable mass of corruption he dares to describe as “a Church-world relationship based on a principle of reality.”",Tense,"['future', 'present']","['future', 'present']","['future', 'present']",True,['future'],"{
  ""Properties"": [""future"", ""progression""],
  ""Explanation"": ""The sentence uses the future tense 'will be' to express something that has yet to happen, and also changes tense in the middle of the sentence for effect by using the present tense 'scoffs' and 'busies' when describing Faggioli's actions.""
}","['future', 'progression']","{
  ""Properties"": [""future"", ""progression""],
  ""Explanation"": ""The use of 'will be' indicates future tense, and the shift from 'will be' to 'scoffs' and 'defending' demonstrates the progression of tenses for effect.""
}","['future', 'progression']","{
  ""Properties"": [""future"", ""progression""],
  ""Explanation"": ""The use of 'will be' indicates the future tense, and the switch from future 'this will be' to past 'defending' creates a pattern of tense progression for effect.""
}","['future', 'progression']",1,"{
  ""Properties"": [""future"", ""progression""],
  ""Explanation"": ""The use of 'will be' indicates a future action, and the change from 'will be' to 'defending' and 'describing' in the middle of the sentence creates a progression effect.""
}","['future', 'progression']","{
  ""Properties"": [""future"", ""progression""],
  ""Explanation"": ""The use of 'will be' indicates a future action, and the change from 'will be' to 'defending' and 'describes' in the middle of the sentence creates a progression effect.""
}","['future', 'progression']","{
  ""Properties"": [""future"", ""progression""],
  ""Explanation"": ""The sentence contains the future tense 'will be' and also changes tense in the middle of the sentence for effect, from 'will be' to 'scoffs' and 'defending'.""
}","['future', 'progression']",1,"['future', 'progression']",1.0,0.0,,"['future', 'present']",present,"{
  ""Answer"": ""no"",
  ""Explanation"": ""The sentence primarily uses future tense ('This will be a final victory') and present continuous tense ('busies himself defending'). The present continuous tense is not the same as the simple present tense, which is what the question is asking about. Therefore, the sentence does not contain the simple present tense.""
}",[]
3387,[ 8  9 13  8  9],"This will be a final victory over the enemies within and their apologists, such as Faggioli, who, in typical neo-Catholic style, imperiously scoffs at the notion of “a young clergy marked by personal sanctity but also by a fascination for a mythical Middle Ages” and busies himself defending an unsalvageable mass of corruption he dares to describe as “a Church-world relationship based on a principle of reality.”",Tense,"['future', 'present']","['future', 'present']","['future', 'present']",True,['future'],"{
  ""Properties"": [""future"", ""progression""],
  ""Explanation"": ""The sentence uses the future tense 'will be' to express something that has yet to happen, and also changes tense in the middle of the sentence for effect by using the present tense 'scoffs' and 'busies' when describing Faggioli's actions.""
}","['future', 'progression']","{
  ""Properties"": [""future"", ""progression""],
  ""Explanation"": ""The use of 'will be' indicates future tense, and the shift from 'will be' to 'scoffs' and 'defending' demonstrates the progression of tenses for effect.""
}","['future', 'progression']","{
  ""Properties"": [""future"", ""progression""],
  ""Explanation"": ""The use of 'will be' indicates the future tense, and the switch from future 'this will be' to past 'defending' creates a pattern of tense progression for effect.""
}","['future', 'progression']",1,"{
  ""Properties"": [""future"", ""progression""],
  ""Explanation"": ""The use of 'will be' indicates a future action, and the change from 'will be' to 'defending' and 'describing' in the middle of the sentence creates a progression effect.""
}","['future', 'progression']","{
  ""Properties"": [""future"", ""progression""],
  ""Explanation"": ""The use of 'will be' indicates a future action, and the change from 'will be' to 'defending' and 'describes' in the middle of the sentence creates a progression effect.""
}","['future', 'progression']","{
  ""Properties"": [""future"", ""progression""],
  ""Explanation"": ""The sentence contains the future tense 'will be' and also changes tense in the middle of the sentence for effect, from 'will be' to 'scoffs' and 'defending'.""
}","['future', 'progression']",1,"['future', 'progression']",1.0,0.0,,"['future', 'present']",past,"{
  ""Answer"": ""no"",
  ""Explanation"": ""The sentence provided does not contain any verbs in the past tense. The verbs 'will be,' 'scoffs,' 'busies,' and 'dares' are in the future and present tenses, respectively. Therefore, it does not meet the criteria for containing past tense verbs.""
}",[]
3387,[ 8  9 13  8  9],"This will be a final victory over the enemies within and their apologists, such as Faggioli, who, in typical neo-Catholic style, imperiously scoffs at the notion of “a young clergy marked by personal sanctity but also by a fascination for a mythical Middle Ages” and busies himself defending an unsalvageable mass of corruption he dares to describe as “a Church-world relationship based on a principle of reality.”",Tense,"['future', 'present']","['future', 'present']","['future', 'present']",True,['future'],"{
  ""Properties"": [""future"", ""progression""],
  ""Explanation"": ""The sentence uses the future tense 'will be' to express something that has yet to happen, and also changes tense in the middle of the sentence for effect by using the present tense 'scoffs' and 'busies' when describing Faggioli's actions.""
}","['future', 'progression']","{
  ""Properties"": [""future"", ""progression""],
  ""Explanation"": ""The use of 'will be' indicates future tense, and the shift from 'will be' to 'scoffs' and 'defending' demonstrates the progression of tenses for effect.""
}","['future', 'progression']","{
  ""Properties"": [""future"", ""progression""],
  ""Explanation"": ""The use of 'will be' indicates the future tense, and the switch from future 'this will be' to past 'defending' creates a pattern of tense progression for effect.""
}","['future', 'progression']",1,"{
  ""Properties"": [""future"", ""progression""],
  ""Explanation"": ""The use of 'will be' indicates a future action, and the change from 'will be' to 'defending' and 'describing' in the middle of the sentence creates a progression effect.""
}","['future', 'progression']","{
  ""Properties"": [""future"", ""progression""],
  ""Explanation"": ""The use of 'will be' indicates a future action, and the change from 'will be' to 'defending' and 'describes' in the middle of the sentence creates a progression effect.""
}","['future', 'progression']","{
  ""Properties"": [""future"", ""progression""],
  ""Explanation"": ""The sentence contains the future tense 'will be' and also changes tense in the middle of the sentence for effect, from 'will be' to 'scoffs' and 'defending'.""
}","['future', 'progression']",1,"['future', 'progression']",1.0,0.0,,"['future', 'present']",future,"{
  ""Answer"": ""yes"",
  ""Explanation"": ""The sentence contains the phrase 'This will be a final victory,' where 'will be' is a construction of the future tense, indicating an event that has yet to happen.""
}",['future']
3387,[ 8  9 13  8  9],"This will be a final victory over the enemies within and their apologists, such as Faggioli, who, in typical neo-Catholic style, imperiously scoffs at the notion of “a young clergy marked by personal sanctity but also by a fascination for a mythical Middle Ages” and busies himself defending an unsalvageable mass of corruption he dares to describe as “a Church-world relationship based on a principle of reality.”",Tense,"['future', 'present']","['future', 'present']","['future', 'present']",True,['future'],"{
  ""Properties"": [""future"", ""progression""],
  ""Explanation"": ""The sentence uses the future tense 'will be' to express something that has yet to happen, and also changes tense in the middle of the sentence for effect by using the present tense 'scoffs' and 'busies' when describing Faggioli's actions.""
}","['future', 'progression']","{
  ""Properties"": [""future"", ""progression""],
  ""Explanation"": ""The use of 'will be' indicates future tense, and the shift from 'will be' to 'scoffs' and 'defending' demonstrates the progression of tenses for effect.""
}","['future', 'progression']","{
  ""Properties"": [""future"", ""progression""],
  ""Explanation"": ""The use of 'will be' indicates the future tense, and the switch from future 'this will be' to past 'defending' creates a pattern of tense progression for effect.""
}","['future', 'progression']",1,"{
  ""Properties"": [""future"", ""progression""],
  ""Explanation"": ""The use of 'will be' indicates a future action, and the change from 'will be' to 'defending' and 'describing' in the middle of the sentence creates a progression effect.""
}","['future', 'progression']","{
  ""Properties"": [""future"", ""progression""],
  ""Explanation"": ""The use of 'will be' indicates a future action, and the change from 'will be' to 'defending' and 'describes' in the middle of the sentence creates a progression effect.""
}","['future', 'progression']","{
  ""Properties"": [""future"", ""progression""],
  ""Explanation"": ""The sentence contains the future tense 'will be' and also changes tense in the middle of the sentence for effect, from 'will be' to 'scoffs' and 'defending'.""
}","['future', 'progression']",1,"['future', 'progression']",1.0,0.0,,"['future', 'present']",progression,"{
  ""Answer"": ""no"",
  ""Explanation"": ""The sentence does not contain progression tense. It maintains a consistent tense throughout, primarily using the present tense to describe actions and attitudes (e.g., 'scoffs,' 'busies,' 'dares'). There is no shift in tense for effect within the sentence.""
}",[]
3430,[9],"In Alexandra, Virginia – the suburban home of America’s war-making elite — a secret grand jury, a throwback to the middle ages — has spent seven years trying to concoct a crime for which Assange can be prosecuted.",Tense,['present'],['present'],['present'],True,"['past', 'present']","{
  ""Properties"": [""present"", ""past""],
  ""Explanation"": ""The text uses the present tense in the beginning ('In Alexandra, Virginia') for immediacy effect, and the past tense ('has spent') to express something that already happened.""
}","['present', 'past']","{
  ""Properties"": [""present"", ""past""],
  ""Explanation"": ""The text uses the present tense 'spends' and the past tense 'tried', indicating the use of present and past tense.""
}","['present', 'past']","{
  ""Properties"": [""present""],
  ""Explanation"": ""The use of 'has spent' indicates a present action, implying ongoing efforts by the grand jury.""
}",['present'],0,"{
  ""Properties"": [""present"", ""past""],
  ""Explanation"": ""The text uses the present tense in 'has spent' to emphasize the ongoing nature of the grand jury's actions, and the past tense in 'tried' to indicate that the action of trying to concoct a crime has already taken place.""
}","['present', 'past']","{
  ""Properties"": [""present"", ""progression""],
  ""Explanation"": ""The use of 'has spent' in the past perfect tense indicates a present action that started in the past and is still ongoing. Additionally, the change from 'has spent' to 'can be prosecuted' creates a tense progression for effect.""
}","['present', 'progression']","{
  ""Properties"": [""present"", ""progression""],
  ""Explanation"": ""The use of 'has spent' in the present perfect tense and 'trying' in the present participle form indicates the use of present tense. Additionally, the change from 'has spent' to 'can be prosecuted' in the same sentence demonstrates the use of tense progression for effect.""
}","['present', 'progression']",0,"['present', 'progression']",0.0,0.0,,['past'],present,"{
  ""Answer"": ""no"",
  ""Explanation"": ""The sentence provided does not contain any verbs in the present tense. The verbs 'has spent' and 'trying' are in the present perfect and present participle forms, respectively, but these do not constitute the simple present tense. The sentence describes an ongoing action that started in the past and continues into the present, which is characteristic of the present perfect tense.""
}",[]
3430,[9],"In Alexandra, Virginia – the suburban home of America’s war-making elite — a secret grand jury, a throwback to the middle ages — has spent seven years trying to concoct a crime for which Assange can be prosecuted.",Tense,['present'],['present'],['present'],True,"['past', 'present']","{
  ""Properties"": [""present"", ""past""],
  ""Explanation"": ""The text uses the present tense in the beginning ('In Alexandra, Virginia') for immediacy effect, and the past tense ('has spent') to express something that already happened.""
}","['present', 'past']","{
  ""Properties"": [""present"", ""past""],
  ""Explanation"": ""The text uses the present tense 'spends' and the past tense 'tried', indicating the use of present and past tense.""
}","['present', 'past']","{
  ""Properties"": [""present""],
  ""Explanation"": ""The use of 'has spent' indicates a present action, implying ongoing efforts by the grand jury.""
}",['present'],0,"{
  ""Properties"": [""present"", ""past""],
  ""Explanation"": ""The text uses the present tense in 'has spent' to emphasize the ongoing nature of the grand jury's actions, and the past tense in 'tried' to indicate that the action of trying to concoct a crime has already taken place.""
}","['present', 'past']","{
  ""Properties"": [""present"", ""progression""],
  ""Explanation"": ""The use of 'has spent' in the past perfect tense indicates a present action that started in the past and is still ongoing. Additionally, the change from 'has spent' to 'can be prosecuted' creates a tense progression for effect.""
}","['present', 'progression']","{
  ""Properties"": [""present"", ""progression""],
  ""Explanation"": ""The use of 'has spent' in the present perfect tense and 'trying' in the present participle form indicates the use of present tense. Additionally, the change from 'has spent' to 'can be prosecuted' in the same sentence demonstrates the use of tense progression for effect.""
}","['present', 'progression']",0,"['present', 'progression']",0.0,0.0,,['past'],past,"{
  ""Answer"": ""no"",
  ""Explanation"": ""The sentence provided does not contain a verb in the past tense. The verbs 'has spent' and 'can be prosecuted' are in the present perfect and present tense, respectively. The sentence describes ongoing or current actions rather than actions that have already been completed in the past.""
}",[]
3430,[9],"In Alexandra, Virginia – the suburban home of America’s war-making elite — a secret grand jury, a throwback to the middle ages — has spent seven years trying to concoct a crime for which Assange can be prosecuted.",Tense,['present'],['present'],['present'],True,"['past', 'present']","{
  ""Properties"": [""present"", ""past""],
  ""Explanation"": ""The text uses the present tense in the beginning ('In Alexandra, Virginia') for immediacy effect, and the past tense ('has spent') to express something that already happened.""
}","['present', 'past']","{
  ""Properties"": [""present"", ""past""],
  ""Explanation"": ""The text uses the present tense 'spends' and the past tense 'tried', indicating the use of present and past tense.""
}","['present', 'past']","{
  ""Properties"": [""present""],
  ""Explanation"": ""The use of 'has spent' indicates a present action, implying ongoing efforts by the grand jury.""
}",['present'],0,"{
  ""Properties"": [""present"", ""past""],
  ""Explanation"": ""The text uses the present tense in 'has spent' to emphasize the ongoing nature of the grand jury's actions, and the past tense in 'tried' to indicate that the action of trying to concoct a crime has already taken place.""
}","['present', 'past']","{
  ""Properties"": [""present"", ""progression""],
  ""Explanation"": ""The use of 'has spent' in the past perfect tense indicates a present action that started in the past and is still ongoing. Additionally, the change from 'has spent' to 'can be prosecuted' creates a tense progression for effect.""
}","['present', 'progression']","{
  ""Properties"": [""present"", ""progression""],
  ""Explanation"": ""The use of 'has spent' in the present perfect tense and 'trying' in the present participle form indicates the use of present tense. Additionally, the change from 'has spent' to 'can be prosecuted' in the same sentence demonstrates the use of tense progression for effect.""
}","['present', 'progression']",0,"['present', 'progression']",0.0,0.0,,['past'],future,"{
  ""Answer"": ""no"",
  ""Explanation"": ""The sentence provided does not contain a future tense verb. It describes an ongoing or past situation involving a secret grand jury in Alexandra, Virginia, and does not express any action that has yet to happen. The verbs 'has spent' and 'trying' are in the present perfect and present participle forms, respectively.""
}",[]
3430,[9],"In Alexandra, Virginia – the suburban home of America’s war-making elite — a secret grand jury, a throwback to the middle ages — has spent seven years trying to concoct a crime for which Assange can be prosecuted.",Tense,['present'],['present'],['present'],True,"['past', 'present']","{
  ""Properties"": [""present"", ""past""],
  ""Explanation"": ""The text uses the present tense in the beginning ('In Alexandra, Virginia') for immediacy effect, and the past tense ('has spent') to express something that already happened.""
}","['present', 'past']","{
  ""Properties"": [""present"", ""past""],
  ""Explanation"": ""The text uses the present tense 'spends' and the past tense 'tried', indicating the use of present and past tense.""
}","['present', 'past']","{
  ""Properties"": [""present""],
  ""Explanation"": ""The use of 'has spent' indicates a present action, implying ongoing efforts by the grand jury.""
}",['present'],0,"{
  ""Properties"": [""present"", ""past""],
  ""Explanation"": ""The text uses the present tense in 'has spent' to emphasize the ongoing nature of the grand jury's actions, and the past tense in 'tried' to indicate that the action of trying to concoct a crime has already taken place.""
}","['present', 'past']","{
  ""Properties"": [""present"", ""progression""],
  ""Explanation"": ""The use of 'has spent' in the past perfect tense indicates a present action that started in the past and is still ongoing. Additionally, the change from 'has spent' to 'can be prosecuted' creates a tense progression for effect.""
}","['present', 'progression']","{
  ""Properties"": [""present"", ""progression""],
  ""Explanation"": ""The use of 'has spent' in the present perfect tense and 'trying' in the present participle form indicates the use of present tense. Additionally, the change from 'has spent' to 'can be prosecuted' in the same sentence demonstrates the use of tense progression for effect.""
}","['present', 'progression']",0,"['present', 'progression']",0.0,0.0,,['past'],progression,"{
  ""Answer"": ""no"",
  ""Explanation"": ""The sentence does not contain progression tense. The entire sentence is written in the present perfect tense ('has spent') and does not switch to another tense. Progression tense involves changing tenses within a sentence for effect, which is not the case here.""
}",[]
3803,[ 8 11],"Of course, the reality is that bringing something like this up more than 30 years later is ridiculous, but this is the Democrats for you.",Tense,['present'],['present'],['present'],True,"['past', 'present']","{
  ""Properties"": [""past""],
  ""Explanation"": ""The use of 'bringing' and 'is' indicates that the text is using the past tense to express something that already happened.""
}",['past'],"{
  ""Properties"": [""past""],
  ""Explanation"": ""The text uses the past tense ('bringing', 'is'), indicating that the action has already occurred.""
}",['past'],"{
  ""Properties"": [""past""],
  ""Explanation"": ""The use of 'is' indicates a present tense, and 'bringing' indicates a past tense, thus the past tense is used in the example text.""
}",['past'],1,"{
  ""Properties"": [""past""],
  ""Explanation"": ""The text uses the past tense 'bringing' to express something that already happened.""
}",['past'],"{
  ""Properties"": [""past""],
  ""Explanation"": ""The text uses the past tense 'bringing' and 'is' to express something that already happened.""
}",['past'],"{
  ""Properties"": [""past""],
  ""Explanation"": ""The use of 'is' and 'bringing' indicates the past tense, expressing something that already happened.""
}",['past'],1,['past'],1.0,0.0,,['present'],present,"{
  ""Answer"": ""yes"",
  ""Explanation"": ""The sentence contains present tense verbs. Specifically, 'is' and 'is' are present tense verbs. The phrase 'this is the Democrats for you' also uses the present tense verb 'is'.""
}",['present']
3803,[ 8 11],"Of course, the reality is that bringing something like this up more than 30 years later is ridiculous, but this is the Democrats for you.",Tense,['present'],['present'],['present'],True,"['past', 'present']","{
  ""Properties"": [""past""],
  ""Explanation"": ""The use of 'bringing' and 'is' indicates that the text is using the past tense to express something that already happened.""
}",['past'],"{
  ""Properties"": [""past""],
  ""Explanation"": ""The text uses the past tense ('bringing', 'is'), indicating that the action has already occurred.""
}",['past'],"{
  ""Properties"": [""past""],
  ""Explanation"": ""The use of 'is' indicates a present tense, and 'bringing' indicates a past tense, thus the past tense is used in the example text.""
}",['past'],1,"{
  ""Properties"": [""past""],
  ""Explanation"": ""The text uses the past tense 'bringing' to express something that already happened.""
}",['past'],"{
  ""Properties"": [""past""],
  ""Explanation"": ""The text uses the past tense 'bringing' and 'is' to express something that already happened.""
}",['past'],"{
  ""Properties"": [""past""],
  ""Explanation"": ""The use of 'is' and 'bringing' indicates the past tense, expressing something that already happened.""
}",['past'],1,['past'],1.0,0.0,,['present'],past,"{
  ""Answer"": ""no"",
  ""Explanation"": ""The sentence provided does not contain any verbs in the past tense. The verbs 'is' and 'is' are in the present tense, and 'bringing' is a present participle.""
}",[]
3803,[ 8 11],"Of course, the reality is that bringing something like this up more than 30 years later is ridiculous, but this is the Democrats for you.",Tense,['present'],['present'],['present'],True,"['past', 'present']","{
  ""Properties"": [""past""],
  ""Explanation"": ""The use of 'bringing' and 'is' indicates that the text is using the past tense to express something that already happened.""
}",['past'],"{
  ""Properties"": [""past""],
  ""Explanation"": ""The text uses the past tense ('bringing', 'is'), indicating that the action has already occurred.""
}",['past'],"{
  ""Properties"": [""past""],
  ""Explanation"": ""The use of 'is' indicates a present tense, and 'bringing' indicates a past tense, thus the past tense is used in the example text.""
}",['past'],1,"{
  ""Properties"": [""past""],
  ""Explanation"": ""The text uses the past tense 'bringing' to express something that already happened.""
}",['past'],"{
  ""Properties"": [""past""],
  ""Explanation"": ""The text uses the past tense 'bringing' and 'is' to express something that already happened.""
}",['past'],"{
  ""Properties"": [""past""],
  ""Explanation"": ""The use of 'is' and 'bringing' indicates the past tense, expressing something that already happened.""
}",['past'],1,['past'],1.0,0.0,,['present'],future,"{
  ""Answer"": ""no"",
  ""Explanation"": ""The sentence provided does not contain a future tense verb. It describes a current opinion about an event that happened in the past ('more than 30 years later') and uses present tense verbs ('is', 'is', 'is'). There is no indication of an action that has yet to happen.""
}",[]
3803,[ 8 11],"Of course, the reality is that bringing something like this up more than 30 years later is ridiculous, but this is the Democrats for you.",Tense,['present'],['present'],['present'],True,"['past', 'present']","{
  ""Properties"": [""past""],
  ""Explanation"": ""The use of 'bringing' and 'is' indicates that the text is using the past tense to express something that already happened.""
}",['past'],"{
  ""Properties"": [""past""],
  ""Explanation"": ""The text uses the past tense ('bringing', 'is'), indicating that the action has already occurred.""
}",['past'],"{
  ""Properties"": [""past""],
  ""Explanation"": ""The use of 'is' indicates a present tense, and 'bringing' indicates a past tense, thus the past tense is used in the example text.""
}",['past'],1,"{
  ""Properties"": [""past""],
  ""Explanation"": ""The text uses the past tense 'bringing' to express something that already happened.""
}",['past'],"{
  ""Properties"": [""past""],
  ""Explanation"": ""The text uses the past tense 'bringing' and 'is' to express something that already happened.""
}",['past'],"{
  ""Properties"": [""past""],
  ""Explanation"": ""The use of 'is' and 'bringing' indicates the past tense, expressing something that already happened.""
}",['past'],1,['past'],1.0,0.0,,['present'],progression,"{
  ""Answer"": ""yes"",
  ""Explanation"": ""The sentence starts in the past tense with 'bringing something like this up more than 30 years later is ridiculous,' and then shifts to the present tense with 'but this is the Democrats for you.' This change in tense within the same sentence is an example of progression tense.""
}",['progression']
3819,[ 1 12],"And so Chris Bryant, “a senior Labour backbencher, has written to May urging her to go further, and issue an official ban on Donald Trump from entering the UK on the grounds he is condoning fascism and his presence is ‘not conducive to the public good’, a senior Labour MP has said.”",Tense,['present'],['present'],['present'],True,"['past', 'present']","{
  ""Properties"": [""present""],
  ""Explanation"": ""The use of 'has written' and 'urging' indicates the use of the present tense to emphasize the current action and immediate relevance of the news.""
}",['present'],"{
  ""Properties"": [""present"", ""progression""],
  ""Explanation"": ""The use of 'has written', 'urging', and 'has said' indicates the use of present tense for immediacy effect. Additionally, the shift from 'has written' to 'has said' in the same sentence creates a tense progression for effect.""
}","['present', 'progression']","{
  ""Properties"": [""present"", ""progression""],
  ""Explanation"": ""The text uses the present tense in the first part of the sentence to convey immediacy and emphasizes the action. It then switches to the past tense in the latter part of the sentence for effect, creating a sense of progression and shifting focus to the statement made by the senior Labour MP.""
}","['present', 'progression']",0,"{
  ""Properties"": [""present"", ""progression""],
  ""Explanation"": ""The use of 'has written' and 'urging' indicates the present tense, while the shift from 'has written' to 'has said' creates a tense progression for effect.""
}","['present', 'progression']","{
  ""Properties"": [""present"", ""progression""],
  ""Explanation"": ""The text uses the present tense to emphasize the immediacy of the action, and it also switches to the past tense ('has said') in the middle of the sentence for effect.""
}","['present', 'progression']","{
  ""Properties"": [""present"", ""progression""],
  ""Explanation"": ""The use of 'has written' and 'urging' indicates the present tense, while the change from 'has written' to 'has said' creates a tense progression for effect.""
}","['present', 'progression']",1,"['present', 'progression']",0.0,0.0,,['past'],present,"{
  ""Answer"": ""yes"",
  ""Explanation"": ""The sentence contains present tense verbs. Specifically, 'has written' and 'is condoning' are in the present perfect tense, which is a form of the present tense. Additionally, 'is' in 'he is condoning' is in the present tense.""
}",['present']
3819,[ 1 12],"And so Chris Bryant, “a senior Labour backbencher, has written to May urging her to go further, and issue an official ban on Donald Trump from entering the UK on the grounds he is condoning fascism and his presence is ‘not conducive to the public good’, a senior Labour MP has said.”",Tense,['present'],['present'],['present'],True,"['past', 'present']","{
  ""Properties"": [""present""],
  ""Explanation"": ""The use of 'has written' and 'urging' indicates the use of the present tense to emphasize the current action and immediate relevance of the news.""
}",['present'],"{
  ""Properties"": [""present"", ""progression""],
  ""Explanation"": ""The use of 'has written', 'urging', and 'has said' indicates the use of present tense for immediacy effect. Additionally, the shift from 'has written' to 'has said' in the same sentence creates a tense progression for effect.""
}","['present', 'progression']","{
  ""Properties"": [""present"", ""progression""],
  ""Explanation"": ""The text uses the present tense in the first part of the sentence to convey immediacy and emphasizes the action. It then switches to the past tense in the latter part of the sentence for effect, creating a sense of progression and shifting focus to the statement made by the senior Labour MP.""
}","['present', 'progression']",0,"{
  ""Properties"": [""present"", ""progression""],
  ""Explanation"": ""The use of 'has written' and 'urging' indicates the present tense, while the shift from 'has written' to 'has said' creates a tense progression for effect.""
}","['present', 'progression']","{
  ""Properties"": [""present"", ""progression""],
  ""Explanation"": ""The text uses the present tense to emphasize the immediacy of the action, and it also switches to the past tense ('has said') in the middle of the sentence for effect.""
}","['present', 'progression']","{
  ""Properties"": [""present"", ""progression""],
  ""Explanation"": ""The use of 'has written' and 'urging' indicates the present tense, while the change from 'has written' to 'has said' creates a tense progression for effect.""
}","['present', 'progression']",1,"['present', 'progression']",0.0,0.0,,['past'],past,"{
  ""Answer"": ""no"",
  ""Explanation"": ""The sentence provided does not contain any verbs in the past tense. The verbs 'has written,' 'urging,' 'issue,' 'is condoning,' 'is,' and 'has said' are either in the present perfect, present continuous, or present tense. Therefore, there is no verb expressing an action that already happened.""
}",[]
3819,[ 1 12],"And so Chris Bryant, “a senior Labour backbencher, has written to May urging her to go further, and issue an official ban on Donald Trump from entering the UK on the grounds he is condoning fascism and his presence is ‘not conducive to the public good’, a senior Labour MP has said.”",Tense,['present'],['present'],['present'],True,"['past', 'present']","{
  ""Properties"": [""present""],
  ""Explanation"": ""The use of 'has written' and 'urging' indicates the use of the present tense to emphasize the current action and immediate relevance of the news.""
}",['present'],"{
  ""Properties"": [""present"", ""progression""],
  ""Explanation"": ""The use of 'has written', 'urging', and 'has said' indicates the use of present tense for immediacy effect. Additionally, the shift from 'has written' to 'has said' in the same sentence creates a tense progression for effect.""
}","['present', 'progression']","{
  ""Properties"": [""present"", ""progression""],
  ""Explanation"": ""The text uses the present tense in the first part of the sentence to convey immediacy and emphasizes the action. It then switches to the past tense in the latter part of the sentence for effect, creating a sense of progression and shifting focus to the statement made by the senior Labour MP.""
}","['present', 'progression']",0,"{
  ""Properties"": [""present"", ""progression""],
  ""Explanation"": ""The use of 'has written' and 'urging' indicates the present tense, while the shift from 'has written' to 'has said' creates a tense progression for effect.""
}","['present', 'progression']","{
  ""Properties"": [""present"", ""progression""],
  ""Explanation"": ""The text uses the present tense to emphasize the immediacy of the action, and it also switches to the past tense ('has said') in the middle of the sentence for effect.""
}","['present', 'progression']","{
  ""Properties"": [""present"", ""progression""],
  ""Explanation"": ""The use of 'has written' and 'urging' indicates the present tense, while the change from 'has written' to 'has said' creates a tense progression for effect.""
}","['present', 'progression']",1,"['present', 'progression']",0.0,0.0,,['past'],future,"{
  ""Answer"": ""no"",
  ""Explanation"": ""The sentence provided does not contain a future tense verb. The actions described ('has written', 'urging', 'issue', 'is condoning', 'is', 'has said') are either in the present perfect tense, present continuous tense, or simple present tense. There is no verb form that indicates an action that will happen in the future.""
}",[]
3819,[ 1 12],"And so Chris Bryant, “a senior Labour backbencher, has written to May urging her to go further, and issue an official ban on Donald Trump from entering the UK on the grounds he is condoning fascism and his presence is ‘not conducive to the public good’, a senior Labour MP has said.”",Tense,['present'],['present'],['present'],True,"['past', 'present']","{
  ""Properties"": [""present""],
  ""Explanation"": ""The use of 'has written' and 'urging' indicates the use of the present tense to emphasize the current action and immediate relevance of the news.""
}",['present'],"{
  ""Properties"": [""present"", ""progression""],
  ""Explanation"": ""The use of 'has written', 'urging', and 'has said' indicates the use of present tense for immediacy effect. Additionally, the shift from 'has written' to 'has said' in the same sentence creates a tense progression for effect.""
}","['present', 'progression']","{
  ""Properties"": [""present"", ""progression""],
  ""Explanation"": ""The text uses the present tense in the first part of the sentence to convey immediacy and emphasizes the action. It then switches to the past tense in the latter part of the sentence for effect, creating a sense of progression and shifting focus to the statement made by the senior Labour MP.""
}","['present', 'progression']",0,"{
  ""Properties"": [""present"", ""progression""],
  ""Explanation"": ""The use of 'has written' and 'urging' indicates the present tense, while the shift from 'has written' to 'has said' creates a tense progression for effect.""
}","['present', 'progression']","{
  ""Properties"": [""present"", ""progression""],
  ""Explanation"": ""The text uses the present tense to emphasize the immediacy of the action, and it also switches to the past tense ('has said') in the middle of the sentence for effect.""
}","['present', 'progression']","{
  ""Properties"": [""present"", ""progression""],
  ""Explanation"": ""The use of 'has written' and 'urging' indicates the present tense, while the change from 'has written' to 'has said' creates a tense progression for effect.""
}","['present', 'progression']",1,"['present', 'progression']",0.0,0.0,,['past'],progression,"{
  ""Answer"": ""no"",
  ""Explanation"": ""The sentence does not contain progression tense. The tense remains consistent throughout, using the present perfect tense ('has written', 'has said') and the present tense ('is condoning', 'is'). There is no shift in tense for effect within the sentence.""
}",[]
3832,[12],"Soros, for his part, compared Orban unfavorably to both the Nazis and the Communists, saying his rule evoked dark tones from the 1930’s — when Hungary was allied with Nazi Germany — and was more oppressive than Cold War Soviet occupation.",Tense,['past'],['past'],['past'],True,['past'],"{
  ""Properties"": [""past""],
  ""Explanation"": ""The sentence uses the past tense ('compared', 'evoked', 'was allied') to express something that has already happened.""
}",['past'],"{
  ""Properties"": [""past"", ""progression""],
  ""Explanation"": ""The use of 'was' indicates the past tense, while the changing tense in the middle of the sentence ('was' to 'is') creates a progression effect for rhetorical impact.""
}","['past', 'progression']","{
  ""Properties"": [""past""],
  ""Explanation"": ""The example uses the past tense to express something that has already happened, such as 'when Hungary was allied with Nazi Germany' and 'was more oppressive than Cold War Soviet occupation'.""
}",['past'],0,"{
  ""Properties"": [""past"", ""progression""],
  ""Explanation"": ""The use of 'compared' indicates past tense, and the change from 'evoked' (past tense) to 'is' (present tense) in the middle of the sentence creates a progression for effect.""
}","['past', 'progression']","{
  ""Properties"": [""past""],
  ""Explanation"": ""The sentence uses the past tense to describe events that have already happened, such as Hungary being allied with Nazi Germany and the Cold War Soviet occupation.""
}",['past'],"{
  ""Properties"": [""past"", ""progression""],
  ""Explanation"": ""The use of 'compared' indicates the past tense, and the change from 'evoked' (past tense) to 'is' (present tense) in the middle of the sentence creates a progression for effect.""
}","['past', 'progression']",0,"['past', 'progression']",1.0,0.0,,['past'],present,"{
  ""Answer"": ""no"",
  ""Explanation"": ""The sentence provided does not contain present tense. The verbs 'compared,' 'saying,' 'evoked,' 'was,' and 'was' are all in the past tense or past participle form. Therefore, the sentence is describing actions and states that occurred in the past, not something that is taking place right now.""
}",[]
3832,[12],"Soros, for his part, compared Orban unfavorably to both the Nazis and the Communists, saying his rule evoked dark tones from the 1930’s — when Hungary was allied with Nazi Germany — and was more oppressive than Cold War Soviet occupation.",Tense,['past'],['past'],['past'],True,['past'],"{
  ""Properties"": [""past""],
  ""Explanation"": ""The sentence uses the past tense ('compared', 'evoked', 'was allied') to express something that has already happened.""
}",['past'],"{
  ""Properties"": [""past"", ""progression""],
  ""Explanation"": ""The use of 'was' indicates the past tense, while the changing tense in the middle of the sentence ('was' to 'is') creates a progression effect for rhetorical impact.""
}","['past', 'progression']","{
  ""Properties"": [""past""],
  ""Explanation"": ""The example uses the past tense to express something that has already happened, such as 'when Hungary was allied with Nazi Germany' and 'was more oppressive than Cold War Soviet occupation'.""
}",['past'],0,"{
  ""Properties"": [""past"", ""progression""],
  ""Explanation"": ""The use of 'compared' indicates past tense, and the change from 'evoked' (past tense) to 'is' (present tense) in the middle of the sentence creates a progression for effect.""
}","['past', 'progression']","{
  ""Properties"": [""past""],
  ""Explanation"": ""The sentence uses the past tense to describe events that have already happened, such as Hungary being allied with Nazi Germany and the Cold War Soviet occupation.""
}",['past'],"{
  ""Properties"": [""past"", ""progression""],
  ""Explanation"": ""The use of 'compared' indicates the past tense, and the change from 'evoked' (past tense) to 'is' (present tense) in the middle of the sentence creates a progression for effect.""
}","['past', 'progression']",0,"['past', 'progression']",1.0,0.0,,['past'],past,"{
  ""Answer"": ""yes"",
  ""Explanation"": ""The sentence contains past tense verbs. Specifically, the verbs 'compared' and 'said' (in the form of 'saying') are in the past tense, indicating actions that have already happened.""
}",['past']
3832,[12],"Soros, for his part, compared Orban unfavorably to both the Nazis and the Communists, saying his rule evoked dark tones from the 1930’s — when Hungary was allied with Nazi Germany — and was more oppressive than Cold War Soviet occupation.",Tense,['past'],['past'],['past'],True,['past'],"{
  ""Properties"": [""past""],
  ""Explanation"": ""The sentence uses the past tense ('compared', 'evoked', 'was allied') to express something that has already happened.""
}",['past'],"{
  ""Properties"": [""past"", ""progression""],
  ""Explanation"": ""The use of 'was' indicates the past tense, while the changing tense in the middle of the sentence ('was' to 'is') creates a progression effect for rhetorical impact.""
}","['past', 'progression']","{
  ""Properties"": [""past""],
  ""Explanation"": ""The example uses the past tense to express something that has already happened, such as 'when Hungary was allied with Nazi Germany' and 'was more oppressive than Cold War Soviet occupation'.""
}",['past'],0,"{
  ""Properties"": [""past"", ""progression""],
  ""Explanation"": ""The use of 'compared' indicates past tense, and the change from 'evoked' (past tense) to 'is' (present tense) in the middle of the sentence creates a progression for effect.""
}","['past', 'progression']","{
  ""Properties"": [""past""],
  ""Explanation"": ""The sentence uses the past tense to describe events that have already happened, such as Hungary being allied with Nazi Germany and the Cold War Soviet occupation.""
}",['past'],"{
  ""Properties"": [""past"", ""progression""],
  ""Explanation"": ""The use of 'compared' indicates the past tense, and the change from 'evoked' (past tense) to 'is' (present tense) in the middle of the sentence creates a progression for effect.""
}","['past', 'progression']",0,"['past', 'progression']",1.0,0.0,,['past'],future,"{
  ""Answer"": ""no"",
  ""Explanation"": ""The sentence provided does not contain any verbs in the future tense. It describes actions and comparisons made by Soros in the past and present, but it does not express any actions that are yet to happen.""
}",[]
3832,[12],"Soros, for his part, compared Orban unfavorably to both the Nazis and the Communists, saying his rule evoked dark tones from the 1930’s — when Hungary was allied with Nazi Germany — and was more oppressive than Cold War Soviet occupation.",Tense,['past'],['past'],['past'],True,['past'],"{
  ""Properties"": [""past""],
  ""Explanation"": ""The sentence uses the past tense ('compared', 'evoked', 'was allied') to express something that has already happened.""
}",['past'],"{
  ""Properties"": [""past"", ""progression""],
  ""Explanation"": ""The use of 'was' indicates the past tense, while the changing tense in the middle of the sentence ('was' to 'is') creates a progression effect for rhetorical impact.""
}","['past', 'progression']","{
  ""Properties"": [""past""],
  ""Explanation"": ""The example uses the past tense to express something that has already happened, such as 'when Hungary was allied with Nazi Germany' and 'was more oppressive than Cold War Soviet occupation'.""
}",['past'],0,"{
  ""Properties"": [""past"", ""progression""],
  ""Explanation"": ""The use of 'compared' indicates past tense, and the change from 'evoked' (past tense) to 'is' (present tense) in the middle of the sentence creates a progression for effect.""
}","['past', 'progression']","{
  ""Properties"": [""past""],
  ""Explanation"": ""The sentence uses the past tense to describe events that have already happened, such as Hungary being allied with Nazi Germany and the Cold War Soviet occupation.""
}",['past'],"{
  ""Properties"": [""past"", ""progression""],
  ""Explanation"": ""The use of 'compared' indicates the past tense, and the change from 'evoked' (past tense) to 'is' (present tense) in the middle of the sentence creates a progression for effect.""
}","['past', 'progression']",0,"['past', 'progression']",1.0,0.0,,['past'],progression,"{
  ""Answer"": ""no"",
  ""Explanation"": ""The sentence does not contain progression tense. The entire sentence is consistently in the past tense, describing Soros's comparison of Orban to historical regimes. There is no shift to a different tense within the sentence.""
}",[]
3837,[12  9],Exactly what this “special need” is that can constitute a Gestapo like police state surveilling its own citizens is a moving target that has already been proven to be abused over and over again.,Tense,['present'],['present'],['present'],True,['past'],"{
  ""Properties"": [""present"", ""progression""],
  ""Explanation"": ""The text uses present tense to convey immediacy and progression with the changing tense in the middle of the sentence for effect.""
}","['present', 'progression']","{
  ""Properties"": [""present"", ""progression""],
  ""Explanation"": ""The use of 'is' in 'is a moving' signifies the present tense, and there is a change in tense from 'is' to 'has already been proven' for rhetorical effect, indicating the use of progression.""
}","['present', 'progression']","{
  ""Properties"": [""progression""],
  ""Explanation"": ""The sentence changes tense in the middle, from 'is' (present) to 'has been' (past perfect) to emphasize the ongoing nature of the issue.""
}",['progression'],0,"{
  ""Properties"": [""present"", ""progression""],
  ""Explanation"": ""The text uses the present tense 'is' for immediacy effect, and then changes to the past tense 'has been' for emphasis and progression.""
}","['present', 'progression']","{
  ""Properties"": [""present"", ""progression""],
  ""Explanation"": ""The text uses the present tense in 'is' and 'has', and then switches to the past tense in 'been proven' for a progression effect.""
}","['present', 'progression']","{
  ""Properties"": [""present"", ""progression""],
  ""Explanation"": ""The text uses the present tense in 'is' and 'has', and then changes to the past tense in 'been proven' for effect.""
}","['present', 'progression']",1,"['present', 'progression']",0.0,0.0,,"['past', 'present']",present,"{
  ""Answer"": ""no"",
  ""Explanation"": ""The sentence provided does not contain any verbs in the present tense. The verbs 'is' and 'has' are in the present tense, but they are part of clauses that describe general truths or past actions ('has already been proven'). The main action described in the sentence is not happening right now but is a general statement about a situation.""
}",[]
3837,[12  9],Exactly what this “special need” is that can constitute a Gestapo like police state surveilling its own citizens is a moving target that has already been proven to be abused over and over again.,Tense,['present'],['present'],['present'],True,['past'],"{
  ""Properties"": [""present"", ""progression""],
  ""Explanation"": ""The text uses present tense to convey immediacy and progression with the changing tense in the middle of the sentence for effect.""
}","['present', 'progression']","{
  ""Properties"": [""present"", ""progression""],
  ""Explanation"": ""The use of 'is' in 'is a moving' signifies the present tense, and there is a change in tense from 'is' to 'has already been proven' for rhetorical effect, indicating the use of progression.""
}","['present', 'progression']","{
  ""Properties"": [""progression""],
  ""Explanation"": ""The sentence changes tense in the middle, from 'is' (present) to 'has been' (past perfect) to emphasize the ongoing nature of the issue.""
}",['progression'],0,"{
  ""Properties"": [""present"", ""progression""],
  ""Explanation"": ""The text uses the present tense 'is' for immediacy effect, and then changes to the past tense 'has been' for emphasis and progression.""
}","['present', 'progression']","{
  ""Properties"": [""present"", ""progression""],
  ""Explanation"": ""The text uses the present tense in 'is' and 'has', and then switches to the past tense in 'been proven' for a progression effect.""
}","['present', 'progression']","{
  ""Properties"": [""present"", ""progression""],
  ""Explanation"": ""The text uses the present tense in 'is' and 'has', and then changes to the past tense in 'been proven' for effect.""
}","['present', 'progression']",1,"['present', 'progression']",0.0,0.0,,"['past', 'present']",past,"{
  ""Answer"": ""yes"",
  ""Explanation"": ""The sentence contains the past tense verb 'proven,' which indicates that the action of proving has already happened. This fits the definition of past tense as a verb tense expressing something that already happened.""
}",['past']
3837,[12  9],Exactly what this “special need” is that can constitute a Gestapo like police state surveilling its own citizens is a moving target that has already been proven to be abused over and over again.,Tense,['present'],['present'],['present'],True,['past'],"{
  ""Properties"": [""present"", ""progression""],
  ""Explanation"": ""The text uses present tense to convey immediacy and progression with the changing tense in the middle of the sentence for effect.""
}","['present', 'progression']","{
  ""Properties"": [""present"", ""progression""],
  ""Explanation"": ""The use of 'is' in 'is a moving' signifies the present tense, and there is a change in tense from 'is' to 'has already been proven' for rhetorical effect, indicating the use of progression.""
}","['present', 'progression']","{
  ""Properties"": [""progression""],
  ""Explanation"": ""The sentence changes tense in the middle, from 'is' (present) to 'has been' (past perfect) to emphasize the ongoing nature of the issue.""
}",['progression'],0,"{
  ""Properties"": [""present"", ""progression""],
  ""Explanation"": ""The text uses the present tense 'is' for immediacy effect, and then changes to the past tense 'has been' for emphasis and progression.""
}","['present', 'progression']","{
  ""Properties"": [""present"", ""progression""],
  ""Explanation"": ""The text uses the present tense in 'is' and 'has', and then switches to the past tense in 'been proven' for a progression effect.""
}","['present', 'progression']","{
  ""Properties"": [""present"", ""progression""],
  ""Explanation"": ""The text uses the present tense in 'is' and 'has', and then changes to the past tense in 'been proven' for effect.""
}","['present', 'progression']",1,"['present', 'progression']",0.0,0.0,,"['past', 'present']",future,"{
  ""Answer"": ""no"",
  ""Explanation"": ""The sentence provided does not contain a future tense verb. It describes a current and past situation using present tense ('is', 'has') and past participle ('proven', 'abused'). There is no indication of an action that is yet to happen.""
}",[]
3837,[12  9],Exactly what this “special need” is that can constitute a Gestapo like police state surveilling its own citizens is a moving target that has already been proven to be abused over and over again.,Tense,['present'],['present'],['present'],True,['past'],"{
  ""Properties"": [""present"", ""progression""],
  ""Explanation"": ""The text uses present tense to convey immediacy and progression with the changing tense in the middle of the sentence for effect.""
}","['present', 'progression']","{
  ""Properties"": [""present"", ""progression""],
  ""Explanation"": ""The use of 'is' in 'is a moving' signifies the present tense, and there is a change in tense from 'is' to 'has already been proven' for rhetorical effect, indicating the use of progression.""
}","['present', 'progression']","{
  ""Properties"": [""progression""],
  ""Explanation"": ""The sentence changes tense in the middle, from 'is' (present) to 'has been' (past perfect) to emphasize the ongoing nature of the issue.""
}",['progression'],0,"{
  ""Properties"": [""present"", ""progression""],
  ""Explanation"": ""The text uses the present tense 'is' for immediacy effect, and then changes to the past tense 'has been' for emphasis and progression.""
}","['present', 'progression']","{
  ""Properties"": [""present"", ""progression""],
  ""Explanation"": ""The text uses the present tense in 'is' and 'has', and then switches to the past tense in 'been proven' for a progression effect.""
}","['present', 'progression']","{
  ""Properties"": [""present"", ""progression""],
  ""Explanation"": ""The text uses the present tense in 'is' and 'has', and then changes to the past tense in 'been proven' for effect.""
}","['present', 'progression']",1,"['present', 'progression']",0.0,0.0,,"['past', 'present']",progression,"{
  ""Answer"": ""no"",
  ""Explanation"": ""The sentence does not contain progression tense. It maintains a consistent tense throughout, specifically the present tense. The verbs 'is,' 'can constitute,' 'is,' 'has,' and 'been proven' are all in the present tense or present perfect tense, which does not indicate a shift in tense for effect.""
}",[]
3895,[13],Impossible.,Tense,[],[],[],True,[],"{
    ""Properties"": [""present""],
    ""Explanation"": ""The use of the present tense 'Impossible' creates immediacy and emphasizes the feeling of impossibility in the current moment.""
}",['present'],"{
  ""Properties"": [""present""],
  ""Explanation"": ""The use of the word 'impossible' implies present tense as it refers to the current state of things.""
}",['present'],"{
  ""Properties"": [""present""],
  ""Explanation"": ""The text uses the present tense to convey a sense of immediacy and strong emphasis on the action.""
}",['present'],1,"{
  ""Properties"": [""present""],
  ""Explanation"": ""The use of the word 'impossible' in the present tense creates an immediate and emphatic effect.""
}",['present'],"{
  ""Properties"": [""present""],
  ""Explanation"": ""The use of the present tense in the headline 'Impossible' creates an immediacy effect and emphasizes the concept of impossibility.""
}",['present'],"{
  ""Properties"": [""present""],
  ""Explanation"": ""The use of the present tense in the word 'impossible' creates an immediate and emphatic effect.""
}",['present'],1,['present'],1.0,0.0,,[],present,"{
  ""Answer"": ""no"",
  ""Explanation"": ""The sentence 'Impossible.' does not contain a verb, and therefore, it does not contain any verb tense, including the present tense.""
}",[]
3895,[13],Impossible.,Tense,[],[],[],True,[],"{
    ""Properties"": [""present""],
    ""Explanation"": ""The use of the present tense 'Impossible' creates immediacy and emphasizes the feeling of impossibility in the current moment.""
}",['present'],"{
  ""Properties"": [""present""],
  ""Explanation"": ""The use of the word 'impossible' implies present tense as it refers to the current state of things.""
}",['present'],"{
  ""Properties"": [""present""],
  ""Explanation"": ""The text uses the present tense to convey a sense of immediacy and strong emphasis on the action.""
}",['present'],1,"{
  ""Properties"": [""present""],
  ""Explanation"": ""The use of the word 'impossible' in the present tense creates an immediate and emphatic effect.""
}",['present'],"{
  ""Properties"": [""present""],
  ""Explanation"": ""The use of the present tense in the headline 'Impossible' creates an immediacy effect and emphasizes the concept of impossibility.""
}",['present'],"{
  ""Properties"": [""present""],
  ""Explanation"": ""The use of the present tense in the word 'impossible' creates an immediate and emphatic effect.""
}",['present'],1,['present'],1.0,0.0,,[],past,"{
  ""Answer"": ""no"",
  ""Explanation"": ""The sentence 'Impossible.' does not contain a verb, and therefore it cannot be in the past tense. The word 'Impossible' is an adjective and does not indicate any action or time frame.""
}",[]
3895,[13],Impossible.,Tense,[],[],[],True,[],"{
    ""Properties"": [""present""],
    ""Explanation"": ""The use of the present tense 'Impossible' creates immediacy and emphasizes the feeling of impossibility in the current moment.""
}",['present'],"{
  ""Properties"": [""present""],
  ""Explanation"": ""The use of the word 'impossible' implies present tense as it refers to the current state of things.""
}",['present'],"{
  ""Properties"": [""present""],
  ""Explanation"": ""The text uses the present tense to convey a sense of immediacy and strong emphasis on the action.""
}",['present'],1,"{
  ""Properties"": [""present""],
  ""Explanation"": ""The use of the word 'impossible' in the present tense creates an immediate and emphatic effect.""
}",['present'],"{
  ""Properties"": [""present""],
  ""Explanation"": ""The use of the present tense in the headline 'Impossible' creates an immediacy effect and emphasizes the concept of impossibility.""
}",['present'],"{
  ""Properties"": [""present""],
  ""Explanation"": ""The use of the present tense in the word 'impossible' creates an immediate and emphatic effect.""
}",['present'],1,['present'],1.0,0.0,,[],future,"{
  ""Answer"": ""no"",
  ""Explanation"": ""The sentence 'Impossible.' does not contain a verb, and therefore it cannot express any tense, including the future tense. Future tense requires a verb phrase that indicates an action or state that will occur in the future, such as 'will meet' in the example provided.""
}",[]
3895,[13],Impossible.,Tense,[],[],[],True,[],"{
    ""Properties"": [""present""],
    ""Explanation"": ""The use of the present tense 'Impossible' creates immediacy and emphasizes the feeling of impossibility in the current moment.""
}",['present'],"{
  ""Properties"": [""present""],
  ""Explanation"": ""The use of the word 'impossible' implies present tense as it refers to the current state of things.""
}",['present'],"{
  ""Properties"": [""present""],
  ""Explanation"": ""The text uses the present tense to convey a sense of immediacy and strong emphasis on the action.""
}",['present'],1,"{
  ""Properties"": [""present""],
  ""Explanation"": ""The use of the word 'impossible' in the present tense creates an immediate and emphatic effect.""
}",['present'],"{
  ""Properties"": [""present""],
  ""Explanation"": ""The use of the present tense in the headline 'Impossible' creates an immediacy effect and emphasizes the concept of impossibility.""
}",['present'],"{
  ""Properties"": [""present""],
  ""Explanation"": ""The use of the present tense in the word 'impossible' creates an immediate and emphatic effect.""
}",['present'],1,['present'],1.0,0.0,,[],progression,"{
  ""Answer"": ""no"",
  ""Explanation"": ""The sentence 'Impossible.' does not contain progression tense because it is a single word and does not involve any change in tense. Progression tense requires a shift in tense within a sentence, which is not applicable here.""
}",[]
4205,[13],"While the 69-year-old Jewish man (wearing a kippah on his head) was coming out of the synagogue, heading for a bakery near 17 rue Pelleport in Paris 20 th, he was attacked by a 19-year-old man, of North African descent, who hit him on the body and on the head, knocked down, pulled by the hair and beaten while shouting ""Allah Akbar"".",Tense,['past'],['past'],['past'],True,['past'],"{
  ""Properties"": [""past"", ""progression""],
  ""Explanation"": ""The passage primarily uses the past tense to describe an event that has already happened ('he was attacked', 'he was coming out', 'he was knocked down'). Additionally, there is a change in tense within the sentence for effect, using the past tense to describe the attack and then switching to present tense ('shouting') to vividly portray the ongoing action."" 
}","['past', 'progression']","{
  ""Properties"": [""past"", ""progression""],
  ""Explanation"": ""The text uses the past tense to describe events that have already happened. Additionally, it changes tense in the middle of a sentence for effect (e.g., 'was coming' -> 'heading').""
}","['past', 'progression']","{
  ""Properties"": [""past"", ""progression""],
  ""Explanation"": ""The text uses the past tense to describe the events that already happened ('was coming', 'was attacked', 'hit him', 'shouting'). It also uses tense progression by switching from past tense to present tense ('he was attacked' to 'shouting') for effect.""
}","['past', 'progression']",1,"{
  ""Properties"": [""past"", ""progression""],
  ""Explanation"": ""The text uses the past tense to describe the events that have already happened. Additionally, it changes tense in the middle of the sentence for effect, emphasizing the sequence of actions and creating a vivid description of the attack.""
}","['past', 'progression']","{
  ""Properties"": [""past"", ""progression""],
  ""Explanation"": ""The text uses the past tense to describe the events that have already happened. Additionally, it switches tenses in the middle of the sentence for effect, creating a sense of progression and immediacy in the description of the attack.""
}","['past', 'progression']","{
  ""Properties"": [""past"", ""progression""],
  ""Explanation"": ""The text uses the past tense to describe the events that have already happened. Additionally, it switches tenses in the middle of the sentence for effect, creating a sense of immediacy and impact.""
}","['past', 'progression']",1,"['past', 'progression']",1.0,0.0,,['past'],present,"{
  ""Answer"": ""no"",
  ""Explanation"": ""The sentence provided is written in the past tense. Phrases such as 'was coming out,' 'was attacked,' 'hit him,' 'knocked down,' 'pulled by the hair,' and 'beaten' indicate actions that have already occurred. There are no verbs in the present tense in this sentence.""
}",[]
4205,[13],"While the 69-year-old Jewish man (wearing a kippah on his head) was coming out of the synagogue, heading for a bakery near 17 rue Pelleport in Paris 20 th, he was attacked by a 19-year-old man, of North African descent, who hit him on the body and on the head, knocked down, pulled by the hair and beaten while shouting ""Allah Akbar"".",Tense,['past'],['past'],['past'],True,['past'],"{
  ""Properties"": [""past"", ""progression""],
  ""Explanation"": ""The passage primarily uses the past tense to describe an event that has already happened ('he was attacked', 'he was coming out', 'he was knocked down'). Additionally, there is a change in tense within the sentence for effect, using the past tense to describe the attack and then switching to present tense ('shouting') to vividly portray the ongoing action."" 
}","['past', 'progression']","{
  ""Properties"": [""past"", ""progression""],
  ""Explanation"": ""The text uses the past tense to describe events that have already happened. Additionally, it changes tense in the middle of a sentence for effect (e.g., 'was coming' -> 'heading').""
}","['past', 'progression']","{
  ""Properties"": [""past"", ""progression""],
  ""Explanation"": ""The text uses the past tense to describe the events that already happened ('was coming', 'was attacked', 'hit him', 'shouting'). It also uses tense progression by switching from past tense to present tense ('he was attacked' to 'shouting') for effect.""
}","['past', 'progression']",1,"{
  ""Properties"": [""past"", ""progression""],
  ""Explanation"": ""The text uses the past tense to describe the events that have already happened. Additionally, it changes tense in the middle of the sentence for effect, emphasizing the sequence of actions and creating a vivid description of the attack.""
}","['past', 'progression']","{
  ""Properties"": [""past"", ""progression""],
  ""Explanation"": ""The text uses the past tense to describe the events that have already happened. Additionally, it switches tenses in the middle of the sentence for effect, creating a sense of progression and immediacy in the description of the attack.""
}","['past', 'progression']","{
  ""Properties"": [""past"", ""progression""],
  ""Explanation"": ""The text uses the past tense to describe the events that have already happened. Additionally, it switches tenses in the middle of the sentence for effect, creating a sense of immediacy and impact.""
}","['past', 'progression']",1,"['past', 'progression']",1.0,0.0,,['past'],past,"{
  ""Answer"": ""yes"",
  ""Explanation"": ""The sentence contains past tense verbs such as 'was coming,' 'was attacked,' 'hit,' 'knocked down,' 'pulled,' and 'beaten.' These verbs indicate actions that have already happened.""
}",['past']
4205,[13],"While the 69-year-old Jewish man (wearing a kippah on his head) was coming out of the synagogue, heading for a bakery near 17 rue Pelleport in Paris 20 th, he was attacked by a 19-year-old man, of North African descent, who hit him on the body and on the head, knocked down, pulled by the hair and beaten while shouting ""Allah Akbar"".",Tense,['past'],['past'],['past'],True,['past'],"{
  ""Properties"": [""past"", ""progression""],
  ""Explanation"": ""The passage primarily uses the past tense to describe an event that has already happened ('he was attacked', 'he was coming out', 'he was knocked down'). Additionally, there is a change in tense within the sentence for effect, using the past tense to describe the attack and then switching to present tense ('shouting') to vividly portray the ongoing action."" 
}","['past', 'progression']","{
  ""Properties"": [""past"", ""progression""],
  ""Explanation"": ""The text uses the past tense to describe events that have already happened. Additionally, it changes tense in the middle of a sentence for effect (e.g., 'was coming' -> 'heading').""
}","['past', 'progression']","{
  ""Properties"": [""past"", ""progression""],
  ""Explanation"": ""The text uses the past tense to describe the events that already happened ('was coming', 'was attacked', 'hit him', 'shouting'). It also uses tense progression by switching from past tense to present tense ('he was attacked' to 'shouting') for effect.""
}","['past', 'progression']",1,"{
  ""Properties"": [""past"", ""progression""],
  ""Explanation"": ""The text uses the past tense to describe the events that have already happened. Additionally, it changes tense in the middle of the sentence for effect, emphasizing the sequence of actions and creating a vivid description of the attack.""
}","['past', 'progression']","{
  ""Properties"": [""past"", ""progression""],
  ""Explanation"": ""The text uses the past tense to describe the events that have already happened. Additionally, it switches tenses in the middle of the sentence for effect, creating a sense of progression and immediacy in the description of the attack.""
}","['past', 'progression']","{
  ""Properties"": [""past"", ""progression""],
  ""Explanation"": ""The text uses the past tense to describe the events that have already happened. Additionally, it switches tenses in the middle of the sentence for effect, creating a sense of immediacy and impact.""
}","['past', 'progression']",1,"['past', 'progression']",1.0,0.0,,['past'],future,"{
  ""Answer"": ""no"",
  ""Explanation"": ""The sentence provided does not contain any verbs in the future tense. It describes events that have already happened, using past tense verbs such as 'was coming,' 'was attacked,' 'hit,' 'knocked down,' 'pulled,' and 'beaten.'""
}",[]
4205,[13],"While the 69-year-old Jewish man (wearing a kippah on his head) was coming out of the synagogue, heading for a bakery near 17 rue Pelleport in Paris 20 th, he was attacked by a 19-year-old man, of North African descent, who hit him on the body and on the head, knocked down, pulled by the hair and beaten while shouting ""Allah Akbar"".",Tense,['past'],['past'],['past'],True,['past'],"{
  ""Properties"": [""past"", ""progression""],
  ""Explanation"": ""The passage primarily uses the past tense to describe an event that has already happened ('he was attacked', 'he was coming out', 'he was knocked down'). Additionally, there is a change in tense within the sentence for effect, using the past tense to describe the attack and then switching to present tense ('shouting') to vividly portray the ongoing action."" 
}","['past', 'progression']","{
  ""Properties"": [""past"", ""progression""],
  ""Explanation"": ""The text uses the past tense to describe events that have already happened. Additionally, it changes tense in the middle of a sentence for effect (e.g., 'was coming' -> 'heading').""
}","['past', 'progression']","{
  ""Properties"": [""past"", ""progression""],
  ""Explanation"": ""The text uses the past tense to describe the events that already happened ('was coming', 'was attacked', 'hit him', 'shouting'). It also uses tense progression by switching from past tense to present tense ('he was attacked' to 'shouting') for effect.""
}","['past', 'progression']",1,"{
  ""Properties"": [""past"", ""progression""],
  ""Explanation"": ""The text uses the past tense to describe the events that have already happened. Additionally, it changes tense in the middle of the sentence for effect, emphasizing the sequence of actions and creating a vivid description of the attack.""
}","['past', 'progression']","{
  ""Properties"": [""past"", ""progression""],
  ""Explanation"": ""The text uses the past tense to describe the events that have already happened. Additionally, it switches tenses in the middle of the sentence for effect, creating a sense of progression and immediacy in the description of the attack.""
}","['past', 'progression']","{
  ""Properties"": [""past"", ""progression""],
  ""Explanation"": ""The text uses the past tense to describe the events that have already happened. Additionally, it switches tenses in the middle of the sentence for effect, creating a sense of immediacy and impact.""
}","['past', 'progression']",1,"['past', 'progression']",1.0,0.0,,['past'],progression,"{
  ""Answer"": ""no"",
  ""Explanation"": ""The sentence does not contain progression tense. It maintains a consistent past tense throughout, describing a sequence of events that happened in the past. There is no shift to a different tense for effect.""
}",[]
4349,[14],The Last-Minute Character Assassination of Judge Kavanaugh,Tense,[],[],[],True,[],"{
  ""Properties"": [""present""],
  ""Explanation"": ""The use of 'assassination' suggests immediacy and the headline format emphasizes the action being taken against Judge Kavanaugh.""
}",['present'],"{
  ""Properties"": [""present""],
  ""Explanation"": ""The use of 'Last-Minute' in the headline suggests the immediacy effect associated with the present tense.""
}",['present'],"{
  ""Properties"": [""present"", ""progression""],
  ""Explanation"": ""The use of 'assassination' in the present tense in the headline creates immediacy and emphasis. Additionally, the phrase 'Last-Minute Character Assassination' uses a change in tense from past ('Last-Minute') to present ('Character Assassination') for effect, indicating a progression of events.""
}","['present', 'progression']",0,"{
  ""Properties"": [""present""],
  ""Explanation"": ""The use of 'assassination' in the present tense creates an immediacy effect and emphasizes the ongoing nature of the situation.""
}",['present'],"{
  ""Properties"": [""present""],
  ""Explanation"": ""The use of 'assassination' in the present tense in the headline creates an immediacy effect and emphasizes the action.""
}",['present'],"{
  ""Properties"": [""present""],
  ""Explanation"": ""The use of 'Last-Minute' in the headline indicates the immediate relevance of the character assassination, suggesting a present focus.""
}",['present'],1,['present'],1.0,0.0,,[],present,"{
  ""Answer"": ""no"",
  ""Explanation"": ""The sentence 'The Last-Minute Character Assassination of Judge Kavanaugh' does not contain a verb in the present tense. It is a noun phrase describing an event, but it does not include a verb that expresses an action taking place right now.""
}",[]
4349,[14],The Last-Minute Character Assassination of Judge Kavanaugh,Tense,[],[],[],True,[],"{
  ""Properties"": [""present""],
  ""Explanation"": ""The use of 'assassination' suggests immediacy and the headline format emphasizes the action being taken against Judge Kavanaugh.""
}",['present'],"{
  ""Properties"": [""present""],
  ""Explanation"": ""The use of 'Last-Minute' in the headline suggests the immediacy effect associated with the present tense.""
}",['present'],"{
  ""Properties"": [""present"", ""progression""],
  ""Explanation"": ""The use of 'assassination' in the present tense in the headline creates immediacy and emphasis. Additionally, the phrase 'Last-Minute Character Assassination' uses a change in tense from past ('Last-Minute') to present ('Character Assassination') for effect, indicating a progression of events.""
}","['present', 'progression']",0,"{
  ""Properties"": [""present""],
  ""Explanation"": ""The use of 'assassination' in the present tense creates an immediacy effect and emphasizes the ongoing nature of the situation.""
}",['present'],"{
  ""Properties"": [""present""],
  ""Explanation"": ""The use of 'assassination' in the present tense in the headline creates an immediacy effect and emphasizes the action.""
}",['present'],"{
  ""Properties"": [""present""],
  ""Explanation"": ""The use of 'Last-Minute' in the headline indicates the immediate relevance of the character assassination, suggesting a present focus.""
}",['present'],1,['present'],1.0,0.0,,[],past,"{
  ""Answer"": ""no"",
  ""Explanation"": ""The sentence 'The Last-Minute Character Assassination of Judge Kavanaugh' does not contain a verb, and therefore, it does not contain a verb tense. It is a noun phrase describing an event but does not indicate when the event happened.""
}",[]
4349,[14],The Last-Minute Character Assassination of Judge Kavanaugh,Tense,[],[],[],True,[],"{
  ""Properties"": [""present""],
  ""Explanation"": ""The use of 'assassination' suggests immediacy and the headline format emphasizes the action being taken against Judge Kavanaugh.""
}",['present'],"{
  ""Properties"": [""present""],
  ""Explanation"": ""The use of 'Last-Minute' in the headline suggests the immediacy effect associated with the present tense.""
}",['present'],"{
  ""Properties"": [""present"", ""progression""],
  ""Explanation"": ""The use of 'assassination' in the present tense in the headline creates immediacy and emphasis. Additionally, the phrase 'Last-Minute Character Assassination' uses a change in tense from past ('Last-Minute') to present ('Character Assassination') for effect, indicating a progression of events.""
}","['present', 'progression']",0,"{
  ""Properties"": [""present""],
  ""Explanation"": ""The use of 'assassination' in the present tense creates an immediacy effect and emphasizes the ongoing nature of the situation.""
}",['present'],"{
  ""Properties"": [""present""],
  ""Explanation"": ""The use of 'assassination' in the present tense in the headline creates an immediacy effect and emphasizes the action.""
}",['present'],"{
  ""Properties"": [""present""],
  ""Explanation"": ""The use of 'Last-Minute' in the headline indicates the immediate relevance of the character assassination, suggesting a present focus.""
}",['present'],1,['present'],1.0,0.0,,[],future,"{
  ""Answer"": ""no"",
  ""Explanation"": ""The sentence 'The Last-Minute Character Assassination of Judge Kavanaugh' does not contain a verb, and therefore, it does not contain any verb tense, including the future tense. It is a noun phrase.""
}",[]
4349,[14],The Last-Minute Character Assassination of Judge Kavanaugh,Tense,[],[],[],True,[],"{
  ""Properties"": [""present""],
  ""Explanation"": ""The use of 'assassination' suggests immediacy and the headline format emphasizes the action being taken against Judge Kavanaugh.""
}",['present'],"{
  ""Properties"": [""present""],
  ""Explanation"": ""The use of 'Last-Minute' in the headline suggests the immediacy effect associated with the present tense.""
}",['present'],"{
  ""Properties"": [""present"", ""progression""],
  ""Explanation"": ""The use of 'assassination' in the present tense in the headline creates immediacy and emphasis. Additionally, the phrase 'Last-Minute Character Assassination' uses a change in tense from past ('Last-Minute') to present ('Character Assassination') for effect, indicating a progression of events.""
}","['present', 'progression']",0,"{
  ""Properties"": [""present""],
  ""Explanation"": ""The use of 'assassination' in the present tense creates an immediacy effect and emphasizes the ongoing nature of the situation.""
}",['present'],"{
  ""Properties"": [""present""],
  ""Explanation"": ""The use of 'assassination' in the present tense in the headline creates an immediacy effect and emphasizes the action.""
}",['present'],"{
  ""Properties"": [""present""],
  ""Explanation"": ""The use of 'Last-Minute' in the headline indicates the immediate relevance of the character assassination, suggesting a present focus.""
}",['present'],1,['present'],1.0,0.0,,[],progression,"{
  ""Answer"": ""no"",
  ""Explanation"": ""The sentence 'The Last-Minute Character Assassination of Judge Kavanaugh' does not contain progression tense. It is a noun phrase and does not include any verbs, which are necessary to indicate tense. Therefore, there is no change in tense within the sentence.""
}",[]
4405,[16],So interesting!,Tense,[],[],[],True,[],"{
  ""Properties"": [],
  ""Explanation"": ""The text does not exhibit any specific use of tense properties such as present, past, future, or progression.""
}",[],"{
  ""Properties"": [],
  ""Explanation"": ""The example text does not contain any clear indications of tense usage."" 
}",[],"{
  ""Properties"": [""present""],
  ""Explanation"": ""The text uses the present tense to express immediate interest and engagement.""
}",['present'],1,"{
  ""Properties"": [""present""],
  ""Explanation"": ""The use of the present tense in the response ('is') creates an immediate and engaging effect, which is often seen in headlines for immediacy.""
}",['present'],"{
  ""Properties"": [""present""],
  ""Explanation"": ""The use of the present tense in the response ('So interesting!') emphasizes the immediate and current reaction to the information.""
}",['present'],"{
  ""Properties"": [""present""],
  ""Explanation"": ""The use of the present tense in the response ('is') creates an immediate and engaging effect, which is often seen in headlines or to emphasize an action.""
}",['present'],1,['present'],1.0,0.0,,[],present,"{
  ""Answer"": ""no"",
  ""Explanation"": ""The sentence 'So interesting!' does not contain a verb, and therefore, it does not have a verb tense. Present tense requires a verb that indicates an action or state occurring in the present time, which is not present in this sentence.""
}",[]
4405,[16],So interesting!,Tense,[],[],[],True,[],"{
  ""Properties"": [],
  ""Explanation"": ""The text does not exhibit any specific use of tense properties such as present, past, future, or progression.""
}",[],"{
  ""Properties"": [],
  ""Explanation"": ""The example text does not contain any clear indications of tense usage."" 
}",[],"{
  ""Properties"": [""present""],
  ""Explanation"": ""The text uses the present tense to express immediate interest and engagement.""
}",['present'],1,"{
  ""Properties"": [""present""],
  ""Explanation"": ""The use of the present tense in the response ('is') creates an immediate and engaging effect, which is often seen in headlines for immediacy.""
}",['present'],"{
  ""Properties"": [""present""],
  ""Explanation"": ""The use of the present tense in the response ('So interesting!') emphasizes the immediate and current reaction to the information.""
}",['present'],"{
  ""Properties"": [""present""],
  ""Explanation"": ""The use of the present tense in the response ('is') creates an immediate and engaging effect, which is often seen in headlines or to emphasize an action.""
}",['present'],1,['present'],1.0,0.0,,[],past,"{
  ""Answer"": ""no"",
  ""Explanation"": ""The sentence 'So interesting!' does not contain a verb, and therefore, it does not contain any verb tense, including the past tense. It is an exclamatory sentence expressing an opinion or reaction.""
}",[]
4405,[16],So interesting!,Tense,[],[],[],True,[],"{
  ""Properties"": [],
  ""Explanation"": ""The text does not exhibit any specific use of tense properties such as present, past, future, or progression.""
}",[],"{
  ""Properties"": [],
  ""Explanation"": ""The example text does not contain any clear indications of tense usage."" 
}",[],"{
  ""Properties"": [""present""],
  ""Explanation"": ""The text uses the present tense to express immediate interest and engagement.""
}",['present'],1,"{
  ""Properties"": [""present""],
  ""Explanation"": ""The use of the present tense in the response ('is') creates an immediate and engaging effect, which is often seen in headlines for immediacy.""
}",['present'],"{
  ""Properties"": [""present""],
  ""Explanation"": ""The use of the present tense in the response ('So interesting!') emphasizes the immediate and current reaction to the information.""
}",['present'],"{
  ""Properties"": [""present""],
  ""Explanation"": ""The use of the present tense in the response ('is') creates an immediate and engaging effect, which is often seen in headlines or to emphasize an action.""
}",['present'],1,['present'],1.0,0.0,,[],future,"{
  ""Answer"": ""no"",
  ""Explanation"": ""The sentence 'So interesting!' does not contain a verb, and therefore, it cannot express any tense, including the future tense. It is simply an exclamatory phrase.""
}",[]
4405,[16],So interesting!,Tense,[],[],[],True,[],"{
  ""Properties"": [],
  ""Explanation"": ""The text does not exhibit any specific use of tense properties such as present, past, future, or progression.""
}",[],"{
  ""Properties"": [],
  ""Explanation"": ""The example text does not contain any clear indications of tense usage."" 
}",[],"{
  ""Properties"": [""present""],
  ""Explanation"": ""The text uses the present tense to express immediate interest and engagement.""
}",['present'],1,"{
  ""Properties"": [""present""],
  ""Explanation"": ""The use of the present tense in the response ('is') creates an immediate and engaging effect, which is often seen in headlines for immediacy.""
}",['present'],"{
  ""Properties"": [""present""],
  ""Explanation"": ""The use of the present tense in the response ('So interesting!') emphasizes the immediate and current reaction to the information.""
}",['present'],"{
  ""Properties"": [""present""],
  ""Explanation"": ""The use of the present tense in the response ('is') creates an immediate and engaging effect, which is often seen in headlines or to emphasize an action.""
}",['present'],1,['present'],1.0,0.0,,[],progression,"{
  ""Answer"": ""no"",
  ""Explanation"": ""The sentence 'So interesting!' does not contain progression tense. Progression tense involves changing the tense within a sentence for effect, but this sentence does not contain any verbs or tense changes.""
}",[]
4408,[ 1 16],"This is more of the same old, same old going on, and it looks like it’s about to get a lot worse.",Tense,['present'],['present'],['present'],True,"['future', 'present']","{
  ""Properties"": [""present"", ""future"", ""progression""],
  ""Explanation"": ""The use of 'is' (present) and 'about to' (future) indicate the present and future tenses. Additionally, the change from 'is' to 'it's about' in the middle of the sentence shows progression for effect.""
}","['present', 'future', 'progression']","{
  ""Properties"": [""present"", ""future""],
  ""Explanation"": ""The text uses the present tense in 'it looks' to emphasize the immediacy of the situation, and the future tense in 'it's about to get' to express something that has yet to happen.""
}","['present', 'future']","{
  ""Properties"": [""present"", ""future""],
  ""Explanation"": ""The use of 'is' indicates present tense, while 'about to get' indicates future tense.""
}","['present', 'future']",0,"{
  ""Properties"": [""present"", ""future""],
  ""Explanation"": ""The use of 'is' and 'about to get' indicate the present and future tenses, respectively.""
}","['present', 'future']","{
  ""Properties"": [""present"", ""future""],
  ""Explanation"": ""The use of 'is' and 'about to get' indicate the present and future tenses, respectively.""
}","['present', 'future']","{
  ""Properties"": [""present"", ""future""],
  ""Explanation"": ""The use of 'is' indicates present tense, and 'about to get' indicates future tense.""
}","['present', 'future']",1,"['present', 'future']",0.0,1.0,,"['present', 'future']",present,"{
  ""Answer"": ""yes"",
  ""Explanation"": ""The sentence contains present tense verbs. 'Is' and 'looks' are both in the present tense, indicating actions or states that are occurring right now.""
}",['present']
4408,[ 1 16],"This is more of the same old, same old going on, and it looks like it’s about to get a lot worse.",Tense,['present'],['present'],['present'],True,"['future', 'present']","{
  ""Properties"": [""present"", ""future"", ""progression""],
  ""Explanation"": ""The use of 'is' (present) and 'about to' (future) indicate the present and future tenses. Additionally, the change from 'is' to 'it's about' in the middle of the sentence shows progression for effect.""
}","['present', 'future', 'progression']","{
  ""Properties"": [""present"", ""future""],
  ""Explanation"": ""The text uses the present tense in 'it looks' to emphasize the immediacy of the situation, and the future tense in 'it's about to get' to express something that has yet to happen.""
}","['present', 'future']","{
  ""Properties"": [""present"", ""future""],
  ""Explanation"": ""The use of 'is' indicates present tense, while 'about to get' indicates future tense.""
}","['present', 'future']",0,"{
  ""Properties"": [""present"", ""future""],
  ""Explanation"": ""The use of 'is' and 'about to get' indicate the present and future tenses, respectively.""
}","['present', 'future']","{
  ""Properties"": [""present"", ""future""],
  ""Explanation"": ""The use of 'is' and 'about to get' indicate the present and future tenses, respectively.""
}","['present', 'future']","{
  ""Properties"": [""present"", ""future""],
  ""Explanation"": ""The use of 'is' indicates present tense, and 'about to get' indicates future tense.""
}","['present', 'future']",1,"['present', 'future']",0.0,1.0,,"['present', 'future']",past,"{
  ""Answer"": ""no"",
  ""Explanation"": ""The sentence 'This is more of the same old, same old going on, and it looks like it’s about to get a lot worse.' does not contain any verbs in the past tense. The verbs 'is,' 'going,' 'looks,' and 'get' are in the present tense or present continuous tense.""
}",[]
4408,[ 1 16],"This is more of the same old, same old going on, and it looks like it’s about to get a lot worse.",Tense,['present'],['present'],['present'],True,"['future', 'present']","{
  ""Properties"": [""present"", ""future"", ""progression""],
  ""Explanation"": ""The use of 'is' (present) and 'about to' (future) indicate the present and future tenses. Additionally, the change from 'is' to 'it's about' in the middle of the sentence shows progression for effect.""
}","['present', 'future', 'progression']","{
  ""Properties"": [""present"", ""future""],
  ""Explanation"": ""The text uses the present tense in 'it looks' to emphasize the immediacy of the situation, and the future tense in 'it's about to get' to express something that has yet to happen.""
}","['present', 'future']","{
  ""Properties"": [""present"", ""future""],
  ""Explanation"": ""The use of 'is' indicates present tense, while 'about to get' indicates future tense.""
}","['present', 'future']",0,"{
  ""Properties"": [""present"", ""future""],
  ""Explanation"": ""The use of 'is' and 'about to get' indicate the present and future tenses, respectively.""
}","['present', 'future']","{
  ""Properties"": [""present"", ""future""],
  ""Explanation"": ""The use of 'is' and 'about to get' indicate the present and future tenses, respectively.""
}","['present', 'future']","{
  ""Properties"": [""present"", ""future""],
  ""Explanation"": ""The use of 'is' indicates present tense, and 'about to get' indicates future tense.""
}","['present', 'future']",1,"['present', 'future']",0.0,1.0,,"['present', 'future']",future,"{
  ""Answer"": ""no"",
  ""Explanation"": ""The sentence 'This is more of the same old, same old going on, and it looks like it’s about to get a lot worse.' does not contain a future tense verb. The phrase 'it’s about to get' indicates an imminent action but is not a future tense construction. Future tense typically involves auxiliary verbs like 'will' or 'shall' followed by the base form of the main verb, such as in 'He will meet with her tomorrow.'""
}",[]
4408,[ 1 16],"This is more of the same old, same old going on, and it looks like it’s about to get a lot worse.",Tense,['present'],['present'],['present'],True,"['future', 'present']","{
  ""Properties"": [""present"", ""future"", ""progression""],
  ""Explanation"": ""The use of 'is' (present) and 'about to' (future) indicate the present and future tenses. Additionally, the change from 'is' to 'it's about' in the middle of the sentence shows progression for effect.""
}","['present', 'future', 'progression']","{
  ""Properties"": [""present"", ""future""],
  ""Explanation"": ""The text uses the present tense in 'it looks' to emphasize the immediacy of the situation, and the future tense in 'it's about to get' to express something that has yet to happen.""
}","['present', 'future']","{
  ""Properties"": [""present"", ""future""],
  ""Explanation"": ""The use of 'is' indicates present tense, while 'about to get' indicates future tense.""
}","['present', 'future']",0,"{
  ""Properties"": [""present"", ""future""],
  ""Explanation"": ""The use of 'is' and 'about to get' indicate the present and future tenses, respectively.""
}","['present', 'future']","{
  ""Properties"": [""present"", ""future""],
  ""Explanation"": ""The use of 'is' and 'about to get' indicate the present and future tenses, respectively.""
}","['present', 'future']","{
  ""Properties"": [""present"", ""future""],
  ""Explanation"": ""The use of 'is' indicates present tense, and 'about to get' indicates future tense.""
}","['present', 'future']",1,"['present', 'future']",0.0,1.0,,"['present', 'future']",progression,"{
  ""Answer"": ""no"",
  ""Explanation"": ""The sentence 'This is more of the same old, same old going on, and it looks like it’s about to get a lot worse.' does not contain progression tense. The tenses used in the sentence are consistent. 'Is' and 'looks' are both in the present tense, and there is no shift to a different tense within the sentence.""
}",[]
